1
92
470.781250 625.937500
265.625000 625.937500
265.625000 440.468750
265.435791 406.140747
263.922119 342.102661
260.894775 284.221802
257.630920 244.851837
254.981995 220.529327
251.954651 197.746124
248.548889 176.502228
244.764709 156.797638
240.602112 138.632355
236.061096 122.006378
231.141663 106.919708
220.167542 81.364288
207.813416 60.970459
194.314880 43.304443
179.673767 28.255615
163.890076 15.823975
146.963806 6.009521
128.894958 -1.187744
109.683533 -5.767822
89.329529 -7.730713
71.056519 -7.186279
55.543823 -4.403076
36.193237 3.946533
21.643677 16.877441
12.488403 31.818848
8.826294 48.342285
10.529785 64.140625
18.439941 79.140625
31.740723 90.593262
47.775879 95.573730
64.169922 93.715820
82.060547 84.536133
102.761230 71.286621
121.960449 65.251465
139.306030 66.720428
153.778687 73.326874
169.274902 87.296753
185.153809 111.520386
192.360840 126.935425
200.584106 149.819183
204.914551 166.386108
209.953613 191.923218
214.152832 221.400757
217.512207 254.818726
220.031738 292.177124
221.711426 333.475952
222.551270 378.715210
222.656250 402.812500
222.656250 541.562500
222.052002 564.373779
219.366455 589.559326
214.532471 608.768311
205.468750 624.375000
190.490723 633.884277
172.268066 639.294434
148.498535 642.751465
127.031250 644.062500
127.031250 662.187500
659.687500 662.187500
659.687500 644.062500
638.161621 642.751465
614.313965 639.294434
596.013184 633.884277
580.937500 624.375000
571.956177 608.768311
567.166138 589.559326
564.505005 564.373779
563.906250 541.562500
563.906250 120.625000
564.505005 97.755127
567.166138 72.491455
571.956177 53.204346
578.875122 39.893799
596.013184 28.088379
614.313965 22.756348
638.161621 19.377441
659.687500 18.125000
659.687500 0.000000
375.000000 0.000000
375.000000 18.125000
396.520386 19.377441
420.343628 22.756348
438.600464 28.088379
453.593750 37.500000
462.657471 53.204346
467.491455 72.491455
470.177002 97.755127
470.781250 120.625000
470.781250 625.937500
