-1.152173 -0.001638 0.001667 winter
-1.175773 -0.001912 0.002176 winter
-1.203378 -0.002241 0.002840 winter
-1.235789 -0.002636 0.003708 winter
-1.274007 -0.003116 0.004840 winter
-1.319304 -0.003703 0.006319 winter
-1.373319 -0.004430 0.008249 winter
-1.438197 -0.005342 0.010768 winter
-1.516805 -0.006504 0.014057 winter
-1.613060 -0.008010 0.018351 winter
-1.732457 -0.010008 0.023956 winter
-1.882964 -0.012729 0.031273 winter
-2.076579 -0.016563 0.040825 winter
-2.332261 -0.022200 0.053294 winter
-2.681848 -0.030967 0.069572 winter
-3.183234 -0.045677 0.090822 winter
-3.953916 -0.073197 0.118563 winter
-5.274277 -0.134184 0.154777 winter
-8.019033 -0.317038 0.202052 winter
-16.983736 -1.447765 0.263766 winter
89.325878 -55.038676 0.344330 winter
13.343417 -0.889217 0.449501 winter
7.111182 -0.248161 0.586796 winter
4.873632 -0.113830 0.766026 winter
3.730845 -0.064619 1.000000 winter
-1.150911 -0.018964 0.001667 winter
-1.174270 -0.022141 0.002176 winter
-1.201576 -0.025938 0.002840 winter
-1.233613 -0.030506 0.003708 winter
-1.271356 -0.036045 0.004840 winter
-1.316043 -0.042823 0.006319 winter
-1.369259 -0.051209 0.008249 winter
-1.433073 -0.061714 0.010768 winter
-1.510231 -0.075074 0.014057 winter
-1.604458 -0.092370 0.018351 winter
-1.720931 -0.115251 0.023956 winter
-1.867058 -0.146322 0.031273 winter
-2.053812 -0.189910 0.040825 winter
-2.298116 -0.253604 0.053294 winter
-2.627394 -0.351719 0.069572 winter
-3.088809 -0.513830 0.090822 winter
-3.769268 -0.808948 0.118563 winter
-4.839651 -1.427428 0.154777 winter
-6.615369 -3.032101 0.202052 winter
-8.625831 -8.524454 0.263766 winter
2.360902 -16.864343 0.344330 winter
8.365137 -6.462709 0.449501 winter
6.098337 -2.467195 0.586796 winter
4.528630 -1.226229 0.766026 winter
3.576185 -0.718082 1.000000 winter
-1.147555 -0.035973 0.001667 winter
-1.170273 -0.041979 0.002176 winter
-1.196788 -0.049149 0.002840 winter
-1.227835 -0.057764 0.003708 winter
-1.264326 -0.068195 0.004840 winter
-1.307407 -0.080936 0.006319 winter
-1.358528 -0.096660 0.008249 winter
-1.419560 -0.116303 0.010768 winter
-1.492943 -0.141191 0.014057 winter
-1.581918 -0.173264 0.018351 winter
-1.690871 -0.215432 0.023956 winter
-1.825848 -0.272231 0.031273 winter
-1.995360 -0.351016 0.040825 winter
-2.211600 -0.464313 0.053294 winter
-2.492184 -0.634703 0.069572 winter
-2.861970 -0.905759 0.090822 winter
-3.351108 -1.368268 0.118563 winter
-3.966326 -2.225604 0.154777 winter
-4.507271 -3.930271 0.202052 winter
-3.726187 -7.005667 0.263766 winter
0.655556 -8.908825 0.344330 winter
4.189079 -6.157144 0.449501 winter
4.417254 -3.399880 0.586796 winter
3.808293 -1.961799 0.766026 winter
3.219565 -1.229903 1.000000 winter
-1.142176 -0.052386 0.001667 winter
-1.163877 -0.061085 0.002176 winter
-1.189137 -0.071451 0.002840 winter
-1.218620 -0.083881 0.003708 winter
-1.253140 -0.098893 0.004840 winter
-1.293700 -0.117176 0.006319 winter
-1.341553 -0.139657 0.008249 winter
-1.398272 -0.167611 0.010768 winter
-1.465850 -0.202829 0.014057 winter
-1.546835 -0.247881 0.018351 winter
-1.644495 -0.306554 0.023956 winter
-1.763021 -0.384596 0.031273 winter
-1.907703 -0.491012 0.040825 winter
-2.084881 -0.640413 0.053294 winter
-2.301007 -0.857399 0.069572 winter
-2.558607 -1.184748 0.090822 winter
-2.842067 -1.697822 0.118563 winter
-3.071489 -2.521642 0.154777 winter
-2.976115 -3.796938 0.202052 winter
-1.943701 -5.346742 0.263766 winter
0.302631 -6.017273 0.344330 winter
2.319554 -4.988160 0.449501 winter
3.056812 -3.442351 0.586796 winter
3.030141 -2.283821 0.766026 winter
2.773104 -1.549939 1.000000 winter
-1.134892 -0.067941 0.001667 winter
-1.155232 -0.079139 0.002176 winter
-1.178818 -0.092452 0.002840 winter
-1.206225 -0.108372 0.003708 winter
-1.238139 -0.127536 0.004840 winter
-1.275391 -0.150780 0.006319 winter
-1.318986 -0.179221 0.008249 winter
-1.370137 -0.214373 0.010768 winter
-1.430308 -0.258324 0.014057 winter
-1.501244 -0.314011 0.018351 winter
-1.584968 -0.385647 0.023956 winter
-1.683689 -0.479407 0.031273 winter
-1.799456 -0.604530 0.040825 winter
-1.933204 -0.775090 0.053294 winter
-2.082278 -1.012744 0.069572 winter
-2.234303 -1.350393 0.090822 winter
-2.352692 -1.834504 0.118563 winter
-2.346556 -2.514553 0.154777 winter
-2.031234 -3.382511 0.202052 winter
-1.174408 -4.216715 0.263766 winter
0.174207 -4.521122 0.344330 winter
1.439718 -4.041186 0.449501 winter
2.150059 -3.160328 0.586796 winter
2.367670 -2.329248 0.766026 winter
2.330558 -1.700215 1.000000 winter
-1.125857 -0.082403 0.001667 winter
-1.144533 -0.095859 0.002176 winter
-1.166084 -0.111811 0.002840 winter
-1.190979 -0.130822 0.003708 winter
-1.219763 -0.153612 0.004840 winter
-1.253074 -0.181118 0.006319 winter
-1.291642 -0.214574 0.008249 winter
-1.336299 -0.255620 0.010768 winter
-1.387957 -0.306476 0.014057 winter
-1.447553 -0.370180 0.018351 winter
-1.515914 -0.450951 0.023956 winter
-1.593455 -0.554712 0.031273 winter
-1.679525 -0.689839 0.040825 winter
-1.771056 -0.868143 0.053294 winter
-1.859798 -1.105888 0.069572 winter
-1.926938 -1.423870 0.090822 winter
-1.933678 -1.843411 0.118563 winter
-1.809189 -2.370273 0.154777 winter
-1.451353 -2.954861 0.202052 winter
-0.783941 -3.441307 0.263766 winter
0.113561 -3.603252 0.344330 winter
0.974529 -3.344342 0.449501 winter
1.565615 -2.813528 0.586796 winter
1.856803 -2.233290 0.766026 winter
1.940788 -1.731038 1.000000 winter
-1.115255 -0.095569 0.001667 winter
-1.132014 -0.111005 0.002176 winter
-1.151234 -0.129242 0.002840 winter
-1.173271 -0.150889 0.003708 winter
-1.198523 -0.176717 0.004840 winter
-1.227426 -0.207714 0.006319 winter
-1.260440 -0.245155 0.008249 winter
-1.298020 -0.290708 0.010768 winter
-1.340558 -0.346570 0.014057 winter
-1.388264 -0.415657 0.018351 winter
-1.440948 -0.501866 0.023956 winter
-1.497614 -0.610396 0.031273 winter
-1.555713 -0.748127 0.040825 winter
-1.609823 -0.923893 0.053294 winter
-1.649365 -1.148278 0.069572 winter
-1.655062 -1.431864 0.090822 winter
-1.594561 -1.779771 0.118563 winter
-1.420694 -2.179214 0.154777 winter
-1.082375 -2.580041 0.202052 winter
-0.561154 -2.884075 0.263766 winter
0.080215 -2.979944 0.344330 winter
0.703210 -2.825436 0.449501 winter
1.181960 -2.486876 0.586796 winter
1.476406 -2.079074 0.766026 winter
1.617719 -1.689338 1.000000 winter
-1.103293 -0.107272 0.001667 winter
-1.117936 -0.124382 0.002176 winter
-1.134598 -0.144522 0.002840 winter
-1.153525 -0.168321 0.003708 winter
-1.174968 -0.196567 0.004840 winter
-1.199169 -0.230251 0.006319 winter
-1.226333 -0.270632 0.008249 winter
-1.256579 -0.319313 0.010768 winter
-1.289846 -0.378350 0.014057 winter
-1.325749 -0.450376 0.018351 winter
-1.363328 -0.538754 0.023956 winter
-1.400625 -0.647717 0.031273 winter
-1.434007 -0.782435 0.040825 winter
-1.457102 -0.948822 0.053294 winter
-1.459271 -1.152702 0.069572 winter
-1.423786 -1.397600 0.090822 winter
-1.326694 -1.680136 0.118563 winter
-1.139088 -1.982474 0.154777 winter
-0.837303 -2.264551 0.202052 winter
-0.422815 -2.465621 0.263766 winter
0.059949 -2.526873 0.344330 winter
0.532520 -2.427658 0.449501 winter
0.921877 -2.200772 0.586796 winter
1.194638 -1.908760 0.766026 winter
1.357549 -1.608495 1.000000 winter
-1.090195 -0.117381 0.001667 winter
-1.102576 -0.135846 0.002176 winter
-1.116526 -0.157492 0.002840 winter
-1.132182 -0.182947 0.003708 winter
-1.149658 -0.212986 0.004840 winter
-1.169023 -0.248566 0.006319 winter
-1.190257 -0.290876 0.008249 winter
-1.213192 -0.341393 0.010768 winter
-1.237411 -0.401946 0.014057 winter
-1.262088 -0.474790 0.018351 winter
-1.285747 -0.562657 0.023956 winter
-1.305892 -0.668757 0.031273 winter
-1.318469 -0.796644 0.040825 winter
-1.317136 -0.949780 0.053294 winter
-1.292420 -1.130531 0.069572 winter
-1.231086 -1.338212 0.090822 winter
-1.116585 -1.565897 0.118563 winter
-0.932126 -1.796481 0.154777 winter
-0.667906 -2.000381 0.202052 winter
-0.331323 -2.139561 0.263766 winter
0.046726 -2.180989 0.344330 winter
0.418683 -2.113661 0.449501 winter
0.739584 -1.955182 0.586796 winter
0.984233 -1.741448 0.766026 winter
1.150322 -1.509320 1.000000 winter
-1.076193 -0.125804 0.001667 winter
-1.086220 -0.145301 0.002176 winter
-1.097369 -0.168056 0.002840 winter
-1.109679 -0.194678 0.003708 winter
-1.123143 -0.225906 0.004840 winter
-1.137677 -0.262633 0.006319 winter
-1.153079 -0.305941 0.008249 winter
-1.168957 -0.357137 0.010768 winter
-1.184631 -0.417781 0.014057 winter
-1.198988 -0.489709 0.018351 winter
-1.210266 -0.575016 0.023956 winter
-1.215769 -0.675964 0.031273 winter
-1.211489 -0.794741 0.040825 winter
-1.191678 -0.932959 0.053294 winter
-1.148497 -1.090737 0.069572 winter
-1.072063 -1.265225 0.090822 winter
-0.951441 -1.448655 0.118563 winter
-0.777334 -1.626550 0.154777 winter
-0.546687 -1.777656 0.202052 winter
-0.267809 -1.877630 0.263766 winter
0.037629 -1.906909 0.344330 winter
0.339210 -1.859215 0.449501 winter
0.607849 -1.744645 0.586796 winter
0.824985 -1.584784 0.766026 winter
0.985454 -1.403815 1.000000 winter
-1.061518 -0.132486 0.001667 winter
-1.069149 -0.152696 0.002176 winter
-1.077471 -0.176175 0.002840 winter
-1.086437 -0.203499 0.003708 winter
-1.095937 -0.235351 0.004840 winter
-1.105765 -0.272541 0.006319 winter
-1.115574 -0.316021 0.008249 winter
-1.124814 -0.366906 0.010768 winter
-1.132634 -0.426474 0.014057 winter
-1.137762 -0.496150 0.018351 winter
-1.138338 -0.577443 0.023956 winter
-1.131706 -0.671807 0.031273 winter
-1.114185 -0.780372 0.040825 winter
-1.080867 -0.903471 0.053294 winter
-1.025574 -1.039909 0.069572 winter
-0.941205 -1.185960 0.090822 winter
-0.820782 -1.334286 0.118563 winter
-0.659464 -1.473291 0.154777 winter
-0.457348 -1.587794 0.202052 winter
-0.222004 -1.661817 0.263766 winter
0.031110 -1.683241 0.344330 winter
0.281665 -1.648283 0.449501 winter
0.510063 -1.563051 0.586796 winter
0.702625 -1.441072 0.766026 winter
0.853753 -1.298506 1.000000 winter
-1.046399 -0.137406 0.001667 winter
-1.051636 -0.158022 0.002176 winter
-1.057159 -0.181863 0.002840 winter
-1.062849 -0.209457 0.003708 winter
-1.068511 -0.241421 0.004840 winter
-1.073846 -0.278468 0.006319 winter
-1.078407 -0.321414 0.008249 winter
-1.081536 -0.371176 0.010768 winter
-1.082294 -0.428759 0.014057 winter
-1.079357 -0.495212 0.018351 winter
-1.070897 -0.571544 0.023956 winter
-1.054449 -0.658568 0.031273 winter
-1.026797 -0.756647 0.040825 winter
-0.983919 -0.865298 0.053294 winter
-0.921109 -0.982661 0.069572 winter
-0.833411 -1.104865 0.090822 winter
-0.716516 -1.225495 0.118563 winter
-0.568171 -1.335492 0.154777 winter
-0.389841 -1.423964 0.202052 winter
-0.187941 -1.480164 0.263766 winter
0.026285 -1.496287 0.344330 winter
0.238747 -1.469947 0.449501 winter
0.435777 -1.405007 0.586796 winter
0.607195 -1.310253 0.766026 winter
0.747846 -1.196709 1.000000 winter
-1.046399 0.137406 0.001667 copper
-1.051636 0.158022 0.002176 copper
-1.057159 0.181863 0.002840 copper
-1.062849 0.209457 0.003708 copper
-1.068511 0.241421 0.004840 copper
-1.073846 0.278468 0.006319 copper
-1.078407 0.321414 0.008249 copper
-1.081536 0.371176 0.010768 copper
-1.082294 0.428759 0.014057 copper
-1.079357 0.495212 0.018351 copper
-1.070897 0.571544 0.023956 copper
-1.054449 0.658568 0.031273 copper
-1.026797 0.756647 0.040825 copper
-0.983919 0.865298 0.053294 copper
-0.921109 0.982661 0.069572 copper
-0.833411 1.104865 0.090822 copper
-0.716516 1.225495 0.118563 copper
-0.568171 1.335492 0.154777 copper
-0.389841 1.423964 0.202052 copper
-0.187941 1.480164 0.263766 copper
0.026285 1.496287 0.344330 copper
0.238747 1.469947 0.449501 copper
0.435777 1.405007 0.586796 copper
0.607195 1.310253 0.766026 copper
0.747846 1.196709 1.000000 copper
-1.061518 0.132486 0.001667 copper
-1.069149 0.152696 0.002176 copper
-1.077471 0.176175 0.002840 copper
-1.086437 0.203499 0.003708 copper
-1.095937 0.235351 0.004840 copper
-1.105765 0.272541 0.006319 copper
-1.115574 0.316021 0.008249 copper
-1.124814 0.366906 0.010768 copper
-1.132634 0.426474 0.014057 copper
-1.137762 0.496150 0.018351 copper
-1.138338 0.577443 0.023956 copper
-1.131706 0.671807 0.031273 copper
-1.114185 0.780372 0.040825 copper
-1.080867 0.903471 0.053294 copper
-1.025574 1.039909 0.069572 copper
-0.941205 1.185960 0.090822 copper
-0.820782 1.334286 0.118563 copper
-0.659464 1.473291 0.154777 copper
-0.457348 1.587794 0.202052 copper
-0.222004 1.661817 0.263766 copper
0.031110 1.683241 0.344330 copper
0.281665 1.648283 0.449501 copper
0.510063 1.563051 0.586796 copper
0.702625 1.441072 0.766026 copper
0.853753 1.298506 1.000000 copper
-1.076193 0.125804 0.001667 copper
-1.086220 0.145301 0.002176 copper
-1.097369 0.168056 0.002840 copper
-1.109679 0.194678 0.003708 copper
-1.123143 0.225906 0.004840 copper
-1.137677 0.262633 0.006319 copper
-1.153079 0.305941 0.008249 copper
-1.168957 0.357137 0.010768 copper
-1.184631 0.417781 0.014057 copper
-1.198988 0.489709 0.018351 copper
-1.210266 0.575016 0.023956 copper
-1.215769 0.675964 0.031273 copper
-1.211489 0.794741 0.040825 copper
-1.191678 0.932959 0.053294 copper
-1.148497 1.090737 0.069572 copper
-1.072063 1.265225 0.090822 copper
-0.951441 1.448655 0.118563 copper
-0.777334 1.626550 0.154777 copper
-0.546687 1.777656 0.202052 copper
-0.267809 1.877630 0.263766 copper
0.037629 1.906909 0.344330 copper
0.339210 1.859215 0.449501 copper
0.607849 1.744645 0.586796 copper
0.824985 1.584784 0.766026 copper
0.985454 1.403815 1.000000 copper
-1.090195 0.117381 0.001667 copper
-1.102576 0.135846 0.002176 copper
-1.116526 0.157492 0.002840 copper
-1.132182 0.182947 0.003708 copper
-1.149658 0.212986 0.004840 copper
-1.169023 0.248566 0.006319 copper
-1.190257 0.290876 0.008249 copper
-1.213192 0.341393 0.010768 copper
-1.237411 0.401946 0.014057 copper
-1.262088 0.474790 0.018351 copper
-1.285747 0.562657 0.023956 copper
-1.305892 0.668757 0.031273 copper
-1.318469 0.796644 0.040825 copper
-1.317136 0.949780 0.053294 copper
-1.292420 1.130531 0.069572 copper
-1.231086 1.338212 0.090822 copper
-1.116585 1.565897 0.118563 copper
-0.932126 1.796481 0.154777 copper
-0.667906 2.000381 0.202052 copper
-0.331323 2.139561 0.263766 copper
0.046726 2.180989 0.344330 copper
0.418683 2.113661 0.449501 copper
0.739584 1.955182 0.586796 copper
0.984233 1.741448 0.766026 copper
1.150322 1.509320 1.000000 copper
-1.103293 0.107272 0.001667 copper
-1.117936 0.124382 0.002176 copper
-1.134598 0.144522 0.002840 copper
-1.153525 0.168321 0.003708 copper
-1.174968 0.196567 0.004840 copper
-1.199169 0.230251 0.006319 copper
-1.226333 0.270632 0.008249 copper
-1.256579 0.319313 0.010768 copper
-1.289846 0.378350 0.014057 copper
-1.325749 0.450376 0.018351 copper
-1.363328 0.538754 0.023956 copper
-1.400625 0.647717 0.031273 copper
-1.434007 0.782435 0.040825 copper
-1.457102 0.948822 0.053294 copper
-1.459271 1.152702 0.069572 copper
-1.423786 1.397600 0.090822 copper
-1.326694 1.680136 0.118563 copper
-1.139088 1.982474 0.154777 copper
-0.837303 2.264551 0.202052 copper
-0.422815 2.465621 0.263766 copper
0.059949 2.526873 0.344330 copper
0.532520 2.427658 0.449501 copper
0.921877 2.200772 0.586796 copper
1.194638 1.908760 0.766026 copper
1.357549 1.608495 1.000000 copper
-1.115255 0.095569 0.001667 copper
-1.132014 0.111005 0.002176 copper
-1.151234 0.129242 0.002840 copper
-1.173271 0.150889 0.003708 copper
-1.198523 0.176717 0.004840 copper
-1.227426 0.207714 0.006319 copper
-1.260440 0.245155 0.008249 copper
-1.298020 0.290708 0.010768 copper
-1.340558 0.346570 0.014057 copper
-1.388264 0.415657 0.018351 copper
-1.440948 0.501866 0.023956 copper
-1.497614 0.610396 0.031273 copper
-1.555713 0.748127 0.040825 copper
-1.609823 0.923893 0.053294 copper
-1.649365 1.148278 0.069572 copper
-1.655062 1.431864 0.090822 copper
-1.594561 1.779771 0.118563 copper
-1.420694 2.179214 0.154777 copper
-1.082375 2.580041 0.202052 copper
-0.561154 2.884075 0.263766 copper
0.080215 2.979944 0.344330 copper
0.703210 2.825436 0.449501 copper
1.181960 2.486876 0.586796 copper
1.476406 2.079074 0.766026 copper
1.617719 1.689338 1.000000 copper
-1.125857 0.082403 0.001667 copper
-1.144533 0.095859 0.002176 copper
-1.166084 0.111811 0.002840 copper
-1.190979 0.130822 0.003708 copper
-1.219763 0.153612 0.004840 copper
-1.253074 0.181118 0.006319 copper
-1.291642 0.214574 0.008249 copper
-1.336299 0.255620 0.010768 copper
-1.387957 0.306476 0.014057 copper
-1.447553 0.370180 0.018351 copper
-1.515914 0.450951 0.023956 copper
-1.593455 0.554712 0.031273 copper
-1.679525 0.689839 0.040825 copper
-1.771056 0.868143 0.053294 copper
-1.859798 1.105888 0.069572 copper
-1.926938 1.423870 0.090822 copper
-1.933678 1.843411 0.118563 copper
-1.809189 2.370273 0.154777 copper
-1.451353 2.954861 0.202052 copper
-0.783941 3.441307 0.263766 copper
0.113561 3.603252 0.344330 copper
0.974529 3.344342 0.449501 copper
1.565615 2.813528 0.586796 copper
1.856803 2.233290 0.766026 copper
1.940788 1.731038 1.000000 copper
-1.134892 0.067941 0.001667 copper
-1.155232 0.079139 0.002176 copper
-1.178818 0.092452 0.002840 copper
-1.206225 0.108372 0.003708 copper
-1.238139 0.127536 0.004840 copper
-1.275391 0.150780 0.006319 copper
-1.318986 0.179221 0.008249 copper
-1.370137 0.214373 0.010768 copper
-1.430308 0.258324 0.014057 copper
-1.501244 0.314011 0.018351 copper
-1.584968 0.385647 0.023956 copper
-1.683689 0.479407 0.031273 copper
-1.799456 0.604530 0.040825 copper
-1.933204 0.775090 0.053294 copper
-2.082278 1.012744 0.069572 copper
-2.234303 1.350393 0.090822 copper
-2.352692 1.834504 0.118563 copper
-2.346556 2.514553 0.154777 copper
-2.031234 3.382511 0.202052 copper
-1.174408 4.216715 0.263766 copper
0.174207 4.521122 0.344330 copper
1.439718 4.041186 0.449501 copper
2.150059 3.160328 0.586796 copper
2.367670 2.329248 0.766026 copper
2.330558 1.700215 1.000000 copper
-1.142176 0.052386 0.001667 copper
-1.163877 0.061085 0.002176 copper
-1.189137 0.071451 0.002840 copper
-1.218620 0.083881 0.003708 copper
-1.253140 0.098893 0.004840 copper
-1.293700 0.117176 0.006319 copper
-1.341553 0.139657 0.008249 copper
-1.398272 0.167611 0.010768 copper
-1.465850 0.202829 0.014057 copper
-1.546835 0.247881 0.018351 copper
-1.644495 0.306554 0.023956 copper
-1.763021 0.384596 0.031273 copper
-1.907703 0.491012 0.040825 copper
-2.084881 0.640413 0.053294 copper
-2.301007 0.857399 0.069572 copper
-2.558607 1.184748 0.090822 copper
-2.842067 1.697822 0.118563 copper
-3.071489 2.521642 0.154777 copper
-2.976115 3.796938 0.202052 copper
-1.943701 5.346742 0.263766 copper
0.302631 6.017273 0.344330 copper
2.319554 4.988160 0.449501 copper
3.056812 3.442351 0.586796 copper
3.030141 2.283821 0.766026 copper
2.773104 1.549939 1.000000 copper
-1.147555 0.035973 0.001667 copper
-1.170273 0.041979 0.002176 copper
-1.196788 0.049149 0.002840 copper
-1.227835 0.057764 0.003708 copper
-1.264326 0.068195 0.004840 copper
-1.307407 0.080936 0.006319 copper
-1.358528 0.096660 0.008249 copper
-1.419560 0.116303 0.010768 copper
-1.492943 0.141191 0.014057 copper
-1.581918 0.173264 0.018351 copper
-1.690871 0.215432 0.023956 copper
-1.825848 0.272231 0.031273 copper
-1.995360 0.351016 0.040825 copper
-2.211600 0.464313 0.053294 copper
-2.492184 0.634703 0.069572 copper
-2.861970 0.905759 0.090822 copper
-3.351108 1.368268 0.118563 copper
-3.966326 2.225604 0.154777 copper
-4.507271 3.930271 0.202052 copper
-3.726187 7.005667 0.263766 copper
0.655556 8.908825 0.344330 copper
4.189079 6.157144 0.449501 copper
4.417254 3.399880 0.586796 copper
3.808293 1.961799 0.766026 copper
3.219565 1.229903 1.000000 copper
-1.150911 0.018964 0.001667 copper
-1.174270 0.022141 0.002176 copper
-1.201576 0.025938 0.002840 copper
-1.233613 0.030506 0.003708 copper
-1.271356 0.036045 0.004840 copper
-1.316043 0.042823 0.006319 copper
-1.369259 0.051209 0.008249 copper
-1.433073 0.061714 0.010768 copper
-1.510231 0.075074 0.014057 copper
-1.604458 0.092370 0.018351 copper
-1.720931 0.115251 0.023956 copper
-1.867058 0.146322 0.031273 copper
-2.053812 0.189910 0.040825 copper
-2.298116 0.253604 0.053294 copper
-2.627394 0.351719 0.069572 copper
-3.088809 0.513830 0.090822 copper
-3.769268 0.808948 0.118563 copper
-4.839651 1.427428 0.154777 copper
-6.615369 3.032101 0.202052 copper
-8.625831 8.524454 0.263766 copper
2.360902 16.864343 0.344330 copper
8.365137 6.462709 0.449501 copper
6.098337 2.467195 0.586796 copper
4.528630 1.226229 0.766026 copper
3.576185 0.718082 1.000000 copper
-1.152173 0.001638 0.001667 copper
-1.175773 0.001912 0.002176 copper
-1.203378 0.002241 0.002840 copper
-1.235789 0.002636 0.003708 copper
-1.274007 0.003116 0.004840 copper
-1.319304 0.003703 0.006319 copper
-1.373319 0.004430 0.008249 copper
-1.438197 0.005342 0.010768 copper
-1.516805 0.006504 0.014057 copper
-1.613060 0.008010 0.018351 copper
-1.732457 0.010008 0.023956 copper
-1.882964 0.012729 0.031273 copper
-2.076579 0.016563 0.040825 copper
-2.332261 0.022200 0.053294 copper
-2.681848 0.030967 0.069572 copper
-3.183234 0.045677 0.090822 copper
-3.953916 0.073197 0.118563 copper
-5.274277 0.134184 0.154777 copper
-8.019033 0.317038 0.202052 copper
-16.983736 1.447765 0.263766 copper
89.325878 55.038676 0.344330 copper
13.343417 0.889217 0.449501 copper
7.111182 0.248161 0.586796 copper
4.873632 0.113830 0.766026 copper
3.730845 0.064619 1.000000 copper
-1.046399 -0.137406 0.001667 cool
-1.051636 -0.158022 0.002176 cool
-1.057159 -0.181863 0.002840 cool
-1.062849 -0.209457 0.003708 cool
-1.068511 -0.241421 0.004840 cool
-1.073846 -0.278468 0.006319 cool
-1.078407 -0.321414 0.008249 cool
-1.081536 -0.371176 0.010768 cool
-1.082294 -0.428759 0.014057 cool
-1.079357 -0.495212 0.018351 cool
-1.070897 -0.571544 0.023956 cool
-1.054449 -0.658568 0.031273 cool
-1.026797 -0.756647 0.040825 cool
-0.983919 -0.865298 0.053294 cool
-0.921109 -0.982661 0.069572 cool
-0.833411 -1.104865 0.090822 cool
-0.716516 -1.225495 0.118563 cool
-0.568171 -1.335492 0.154777 cool
-0.389841 -1.423964 0.202052 cool
-0.187941 -1.480164 0.263766 cool
0.026285 -1.496287 0.344330 cool
0.238747 -1.469947 0.449501 cool
0.435777 -1.405007 0.586796 cool
0.607195 -1.310253 0.766026 cool
0.747846 -1.196709 1.000000 cool
-1.032576 -0.140336 0.001667 cool
-1.035692 -0.161073 0.002176 cool
-1.038755 -0.184950 0.002840 cool
-1.041594 -0.212452 0.003708 cool
-1.043957 -0.244128 0.004840 cool
-1.045483 -0.280600 0.006319 cool
-1.045664 -0.322561 0.008249 cool
-1.043792 -0.370759 0.010768 cool
-1.038899 -0.425971 0.014057 cool
-1.029680 -0.488953 0.018351 cool
-1.014413 -0.560345 0.023956 cool
-0.990875 -0.640520 0.031273 cool
-0.956303 -0.729361 0.040825 cool
-0.907423 -0.825952 0.053294 cool
-0.840632 -0.928190 0.069572 cool
-0.752421 -1.032404 0.090822 cool
-0.640094 -1.133100 0.118563 cool
-0.502759 -1.223095 0.154777 cool
-0.342348 -1.294250 0.202052 cool
-0.164255 -1.338893 0.263766 cool
0.022941 -1.351621 0.344330 cool
0.208840 -1.330808 0.449501 cool
0.383310 -1.279094 0.586796 cool
0.538461 -1.202596 0.766026 cool
0.669761 -1.109263 1.000000 cool
-1.018719 -0.141867 0.001667 cool
-1.019771 -0.162508 0.002176 cool
-1.020461 -0.186175 0.002840 cool
-1.020578 -0.213299 0.003708 cool
-1.019825 -0.244367 0.004840 cool
-1.017801 -0.279909 0.006319 cool
-1.013962 -0.320497 0.008249 cool
-1.007582 -0.366725 0.010768 cool
-0.997705 -0.419171 0.014057 cool
-0.983088 -0.478343 0.018351 cool
-0.962155 -0.544588 0.023956 cool
-0.932953 -0.617953 0.031273 cool
-0.893160 -0.698006 0.040825 cool
-0.840161 -0.783592 0.053294 cool
-0.771244 -0.872581 0.069572 cool
-0.683975 -0.961638 0.090822 cool
-0.576750 -1.046150 0.118563 cool
-0.449472 -1.120433 0.154777 cool
-0.304188 -1.178350 0.202052 cool
-0.145387 -1.214326 0.263766 cool
0.020283 -1.224533 0.344330 cool
0.184979 -1.207831 0.449501 cool
0.341029 -1.166073 0.586796 cool
0.482248 -1.103615 0.766026 cool
0.604740 -1.026279 1.000000 cool
-1.004966 -0.142041 0.001667 cool
-1.004031 -0.162388 0.002176 cool
-1.002458 -0.185620 0.002840 cool
-1.000002 -0.212119 0.003708 cool
-0.996339 -0.242303 0.004840 cool
-0.991042 -0.276618 0.006319 cool
-0.983554 -0.315526 0.008249 cool
-0.973156 -0.359482 0.010768 cool
-0.958931 -0.408894 0.014057 cool
-0.939727 -0.464069 0.018351 cool
-0.914133 -0.525130 0.023956 cool
-0.880469 -0.591894 0.031273 cool
-0.836817 -0.663734 0.040825 cool
-0.781118 -0.739398 0.053294 cool
-0.711367 -0.816849 0.069572 cool
-0.625914 -0.893142 0.090822 cool
-0.523883 -0.964439 0.118563 cool
-0.405632 -1.026240 0.154777 cool
-0.273141 -1.073874 0.202052 cool
-0.130143 -1.103223 0.263766 cool
0.018140 -1.111516 0.344330 cool
0.165676 -1.097938 0.449501 cool
0.306548 -1.063817 0.586796 cool
0.435848 -1.012319 0.766026 cool
0.550265 -0.947770 1.000000 cool
-0.991445 -0.140909 0.001667 cool
-0.988617 -0.160784 0.002176 cool
-0.984905 -0.183384 0.002840 cool
-0.980042 -0.209041 0.003708 cool
-0.973687 -0.238110 0.004840 cool
-0.965402 -0.270959 0.006319 cool
-0.954634 -0.307951 0.008249 cool
-0.940688 -0.349420 0.010768 cool
-0.922706 -0.395634 0.014057 cool
-0.899642 -0.446744 0.018351 cool
-0.870255 -0.502703 0.023956 cool
-0.833122 -0.563179 0.031273 cool
-0.786683 -0.627438 0.040825 cool
-0.729341 -0.694224 0.053294 cool
-0.659633 -0.761655 0.069572 cool
-0.576479 -0.827173 0.090822 cool
-0.479483 -0.887609 0.118563 cool
-0.369248 -0.939385 0.154777 cool
-0.247611 -0.978912 0.202052 cool
-0.117678 -1.003102 0.263766 cool
0.016391 -1.009916 0.344330 cool
0.149876 -0.998756 0.449501 cool
0.278138 -0.970593 0.586796 cool
0.397238 -0.927770 0.766026 cool
0.504368 -0.873547 1.000000 cool
-0.991445 0.140909 0.001667 autumn
-0.988617 0.160784 0.002176 autumn
-0.984905 0.183384 0.002840 autumn
-0.980042 0.209041 0.003708 autumn
-0.973687 0.238110 0.004840 autumn
-0.965402 0.270959 0.006319 autumn
-0.954634 0.307951 0.008249 autumn
-0.940688 0.349420 0.010768 autumn
-0.922706 0.395634 0.014057 autumn
-0.899642 0.446744 0.018351 autumn
-0.870255 0.502703 0.023956 autumn
-0.833122 0.563179 0.031273 autumn
-0.786683 0.627438 0.040825 autumn
-0.729341 0.694224 0.053294 autumn
-0.659633 0.761655 0.069572 autumn
-0.576479 0.827173 0.090822 autumn
-0.479483 0.887609 0.118563 autumn
-0.369248 0.939385 0.154777 autumn
-0.247611 0.978912 0.202052 autumn
-0.117678 1.003102 0.263766 autumn
0.016391 1.009916 0.344330 autumn
0.149876 0.998756 0.449501 autumn
0.278138 0.970593 0.586796 autumn
0.397238 0.927770 0.766026 autumn
0.504368 0.873547 1.000000 autumn
-1.004966 0.142041 0.001667 autumn
-1.004031 0.162388 0.002176 autumn
-1.002458 0.185620 0.002840 autumn
-1.000002 0.212119 0.003708 autumn
-0.996339 0.242303 0.004840 autumn
-0.991042 0.276618 0.006319 autumn
-0.983554 0.315526 0.008249 autumn
-0.973156 0.359482 0.010768 autumn
-0.958931 0.408894 0.014057 autumn
-0.939727 0.464069 0.018351 autumn
-0.914133 0.525130 0.023956 autumn
-0.880469 0.591894 0.031273 autumn
-0.836817 0.663734 0.040825 autumn
-0.781118 0.739398 0.053294 autumn
-0.711367 0.816849 0.069572 autumn
-0.625914 0.893142 0.090822 autumn
-0.523883 0.964439 0.118563 autumn
-0.405632 1.026240 0.154777 autumn
-0.273141 1.073874 0.202052 autumn
-0.130143 1.103223 0.263766 autumn
0.018140 1.111516 0.344330 autumn
0.165676 1.097938 0.449501 autumn
0.306548 1.063817 0.586796 autumn
0.435848 1.012319 0.766026 autumn
0.550265 0.947770 1.000000 autumn
-1.018719 0.141867 0.001667 autumn
-1.019771 0.162508 0.002176 autumn
-1.020461 0.186175 0.002840 autumn
-1.020578 0.213299 0.003708 autumn
-1.019825 0.244367 0.004840 autumn
-1.017801 0.279909 0.006319 autumn
-1.013962 0.320497 0.008249 autumn
-1.007582 0.366725 0.010768 autumn
-0.997705 0.419171 0.014057 autumn
-0.983088 0.478343 0.018351 autumn
-0.962155 0.544588 0.023956 autumn
-0.932953 0.617953 0.031273 autumn
-0.893160 0.698006 0.040825 autumn
-0.840161 0.783592 0.053294 autumn
-0.771244 0.872581 0.069572 autumn
-0.683975 0.961638 0.090822 autumn
-0.576750 1.046150 0.118563 autumn
-0.449472 1.120433 0.154777 autumn
-0.304188 1.178350 0.202052 autumn
-0.145387 1.214326 0.263766 autumn
0.020283 1.224533 0.344330 autumn
0.184979 1.207831 0.449501 autumn
0.341029 1.166073 0.586796 autumn
0.482248 1.103615 0.766026 autumn
0.604740 1.026279 1.000000 autumn
-1.032576 0.140336 0.001667 autumn
-1.035692 0.161073 0.002176 autumn
-1.038755 0.184950 0.002840 autumn
-1.041594 0.212452 0.003708 autumn
-1.043957 0.244128 0.004840 autumn
-1.045483 0.280600 0.006319 autumn
-1.045664 0.322561 0.008249 autumn
-1.043792 0.370759 0.010768 autumn
-1.038899 0.425971 0.014057 autumn
-1.029680 0.488953 0.018351 autumn
-1.014413 0.560345 0.023956 autumn
-0.990875 0.640520 0.031273 autumn
-0.956303 0.729361 0.040825 autumn
-0.907423 0.825952 0.053294 autumn
-0.840632 0.928190 0.069572 autumn
-0.752421 1.032404 0.090822 autumn
-0.640094 1.133100 0.118563 autumn
-0.502759 1.223095 0.154777 autumn
-0.342348 1.294250 0.202052 autumn
-0.164255 1.338893 0.263766 autumn
0.022941 1.351621 0.344330 autumn
0.208840 1.330808 0.449501 autumn
0.383310 1.279094 0.586796 autumn
0.538461 1.202596 0.766026 autumn
0.669761 1.109263 1.000000 autumn
-1.046399 0.137406 0.001667 autumn
-1.051636 0.158022 0.002176 autumn
-1.057159 0.181863 0.002840 autumn
-1.062849 0.209457 0.003708 autumn
-1.068511 0.241421 0.004840 autumn
-1.073846 0.278468 0.006319 autumn
-1.078407 0.321414 0.008249 autumn
-1.081536 0.371176 0.010768 autumn
-1.082294 0.428759 0.014057 autumn
-1.079357 0.495212 0.018351 autumn
-1.070897 0.571544 0.023956 autumn
-1.054449 0.658568 0.031273 autumn
-1.026797 0.756647 0.040825 autumn
-0.983919 0.865298 0.053294 autumn
-0.921109 0.982661 0.069572 autumn
-0.833411 1.104865 0.090822 autumn
-0.716516 1.225495 0.118563 autumn
-0.568171 1.335492 0.154777 autumn
-0.389841 1.423964 0.202052 autumn
-0.187941 1.480164 0.263766 autumn
0.026285 1.496287 0.344330 autumn
0.238747 1.469947 0.449501 autumn
0.435777 1.405007 0.586796 autumn
0.607195 1.310253 0.766026 autumn
0.747846 1.196709 1.000000 autumn
