-3.131930 -0.004451 0.001667 winter
-3.196081 -0.005198 0.002176 winter
-3.271121 -0.006091 0.002840 winter
-3.359223 -0.007165 0.003708 winter
-3.463110 -0.008469 0.004840 winter
-3.586241 -0.010066 0.006319 winter
-3.733068 -0.012043 0.008249 winter
-3.909426 -0.014522 0.010768 winter
-4.123104 -0.017679 0.014057 winter
-4.384750 -0.021775 0.018351 winter
-4.709307 -0.027204 0.023956 winter
-5.118427 -0.034601 0.031273 winter
-5.644726 -0.045022 0.040825 winter
-6.339743 -0.060347 0.053294 winter
-7.290018 -0.084178 0.069572 winter
-8.652927 -0.124163 0.090822 winter
-10.747859 -0.198969 0.118563 winter
-14.336970 -0.364751 0.154777 winter
-21.797992 -0.861798 0.202052 winter
-46.166581 -3.935433 0.263766 winter
242.812910 -149.610633 0.344330 winter
36.271169 -2.417143 0.449501 winter
19.330195 -0.674571 0.586796 winter
13.247906 -0.309422 0.766026 winter
10.141488 -0.175653 1.000000 winter
-3.128502 -0.051549 0.001667 winter
-3.191996 -0.060186 0.002176 winter
-3.266223 -0.070506 0.002840 winter
-3.353307 -0.082923 0.003708 winter
-3.455904 -0.097980 0.004840 winter
-3.577375 -0.116406 0.006319 winter
-3.722032 -0.139200 0.008249 winter
-3.895497 -0.167757 0.010768 winter
-4.105235 -0.204072 0.014057 winter
-4.361369 -0.251089 0.018351 winter
-4.677974 -0.313284 0.023956 winter
-5.075191 -0.397746 0.031273 winter
-5.582840 -0.516228 0.040825 winter
-6.246926 -0.689368 0.053294 winter
-7.141998 -0.956072 0.069572 winter
-8.396254 -1.396735 0.090822 winter
-10.245932 -2.198949 0.118563 winter
-13.155537 -3.880152 0.154777 winter
-17.982436 -8.242105 0.202052 winter
-23.447439 -23.171867 0.263766 winter
6.417596 -45.842037 0.344330 winter
22.738800 -17.567465 0.449501 winter
16.576998 -6.706531 0.586796 winter
12.310092 -3.333237 0.766026 winter
9.721078 -1.951950 1.000000 winter
-3.119377 -0.097785 0.001667 winter
-3.181131 -0.114112 0.002176 winter
-3.253207 -0.133602 0.002840 winter
-3.337601 -0.157020 0.003708 winter
-3.436795 -0.185373 0.004840 winter
-3.553900 -0.220006 0.006319 winter
-3.692862 -0.262750 0.008249 winter
-3.858763 -0.316144 0.010768 winter
-4.058239 -0.383798 0.014057 winter
-4.300099 -0.470979 0.018351 winter
-4.596263 -0.585604 0.023956 winter
-4.963169 -0.739999 0.031273 winter
-5.423950 -0.954161 0.040825 winter
-6.011751 -1.262132 0.053294 winter
-6.774458 -1.725301 0.069572 winter
-7.779641 -2.462109 0.090822 winter
-9.109256 -3.719339 0.118563 winter
-10.781592 -6.049818 0.154777 winter
-12.252033 -10.683584 0.202052 winter
-10.128826 -19.043376 0.263766 winter
1.781986 -24.216697 0.344330 winter
11.387097 -16.736854 0.449501 winter
12.007340 -9.241833 0.586796 winter
10.352014 -5.332723 0.766026 winter
8.751686 -3.343222 1.000000 winter
-3.104757 -0.142399 0.001667 winter
-3.163746 -0.166045 0.002176 winter
-3.232410 -0.194224 0.002840 winter
-3.312554 -0.228012 0.003708 winter
-3.406387 -0.268820 0.004840 winter
-3.516642 -0.318518 0.006319 winter
-3.646720 -0.379626 0.008249 winter
-3.800897 -0.455614 0.010768 winter
-3.984594 -0.551346 0.014057 winter
-4.204733 -0.673809 0.018351 winter
-4.470201 -0.833300 0.023956 winter
-4.792389 -1.045441 0.031273 winter
-5.185675 -1.334708 0.040825 winter
-5.667295 -1.740824 0.053294 winter
-6.254785 -2.330653 0.069572 winter
-6.955014 -3.220480 0.090822 winter
-7.725538 -4.615159 0.118563 winter
-8.349172 -6.854532 0.154777 winter
-8.089919 -10.321148 0.202052 winter
-5.283526 -14.533952 0.263766 winter
0.822637 -16.356644 0.344330 winter
6.305202 -13.559224 0.449501 winter
8.309278 -9.357279 0.586796 winter
8.236776 -6.208068 0.766026 winter
7.538078 -4.213171 1.000000 winter
-3.084958 -0.184682 0.001667 winter
-3.140245 -0.215122 0.002176 winter
-3.204360 -0.251312 0.002840 winter
-3.278858 -0.294587 0.003708 winter
-3.365610 -0.346679 0.004840 winter
-3.466873 -0.409863 0.006319 winter
-3.585375 -0.487174 0.008249 winter
-3.724418 -0.582727 0.010768 winter
-3.887981 -0.702199 0.014057 winter
-4.080805 -0.853571 0.018351 winter
-4.308391 -1.048299 0.023956 winter
-4.576741 -1.303165 0.031273 winter
-4.891428 -1.643282 0.040825 winter
-5.254993 -2.106913 0.053294 winter
-5.660219 -2.752922 0.069572 winter
-6.073465 -3.670749 0.090822 winter
-6.395281 -4.986698 0.118563 winter
-6.378600 -6.835264 0.154777 winter
-5.521466 -9.194619 0.202052 winter
-3.192371 -11.462218 0.263766 winter
0.473543 -12.289683 0.344330 winter
3.913560 -10.985083 0.449501 winter
5.844466 -8.590663 0.586796 winter
6.435994 -6.331554 0.766026 winter
6.335113 -4.621664 1.000000 winter
-3.060397 -0.223995 0.001667 winter
-3.111162 -0.260572 0.002176 winter
-3.169745 -0.303934 0.002840 winter
-3.237416 -0.355610 0.003708 winter
-3.315661 -0.417559 0.004840 winter
-3.406207 -0.492330 0.006319 winter
-3.511047 -0.583272 0.008249 winter
-3.632438 -0.694847 0.010768 winter
-3.772858 -0.833088 0.014057 winter
-3.934856 -1.006254 0.018351 winter
-4.120682 -1.225811 0.023956 winter
-4.331460 -1.507863 0.031273 winter
-4.565423 -1.875176 0.040825 winter
-4.814230 -2.359858 0.053294 winter
-5.055455 -3.006115 0.069572 winter
-5.237961 -3.870481 0.090822 winter
-5.256282 -5.010911 0.118563 winter
-4.917885 -6.443071 0.154777 winter
-3.945187 -8.032145 0.202052 winter
-2.130973 -9.354442 0.263766 winter
0.308690 -9.794654 0.344330 winter
2.649045 -9.090864 0.449501 winter
4.255782 -7.647963 0.586796 winter
5.047314 -6.070711 0.766026 winter
5.275609 -4.705450 1.000000 winter
-3.031577 -0.259784 0.001667 winter
-3.077132 -0.301742 0.002176 winter
-3.129378 -0.351316 0.002840 winter
-3.189281 -0.410160 0.003708 winter
-3.257924 -0.480368 0.004840 winter
-3.336490 -0.564625 0.006319 winter
-3.426231 -0.666401 0.008249 winter
-3.528384 -0.790227 0.010768 winter
-3.644014 -0.942075 0.014057 winter
-3.773693 -1.129874 0.018351 winter
-3.916903 -1.364213 0.023956 winter
-4.070936 -1.659230 0.031273 winter
-4.228867 -2.033620 0.040825 winter
-4.375952 -2.511403 0.053294 winter
-4.483439 -3.121342 0.069572 winter
-4.498926 -3.892211 0.090822 winter
-4.334468 -4.837918 0.118563 winter
-3.861848 -5.923719 0.154777 winter
-2.942201 -7.013277 0.202052 winter
-1.525374 -7.839727 0.263766 winter
0.218048 -8.100327 0.344330 winter
1.911522 -7.680330 0.449501 winter
3.212902 -6.760030 0.586796 winter
4.013288 -5.651509 0.766026 winter
4.397416 -4.592096 1.000000 winter
-2.999062 -0.291596 0.001667 winter
-3.038864 -0.338105 0.002176 winter
-3.084158 -0.392851 0.002840 winter
-3.135607 -0.457544 0.003708 winter
-3.193894 -0.534324 0.004840 winter
-3.259679 -0.625887 0.006319 winter
-3.333520 -0.735653 0.008249 winter
-3.415735 -0.867983 0.010768 winter
-3.506164 -1.028462 0.014057 winter
-3.603760 -1.224250 0.018351 winter
-3.705910 -1.464486 0.023956 winter
-3.807294 -1.760677 0.031273 winter
-3.898036 -2.126878 0.040825 winter
-3.960814 -2.579166 0.053294 winter
-3.966710 -3.133369 0.069572 winter
-3.870250 -3.799072 0.090822 winter
-3.606328 -4.567083 0.118563 winter
-3.096362 -5.388923 0.154777 winter
-2.276025 -6.155688 0.202052 winter
-1.149331 -6.702252 0.263766 winter
0.162958 -6.868754 0.344330 winter
1.447539 -6.599059 0.449501 winter
2.505922 -5.982320 0.586796 winter
3.247363 -5.188548 0.766026 winter
3.690201 -4.372343 1.000000 winter
-2.963458 -0.319075 0.001667 winter
-2.997113 -0.369268 0.002176 winter
-3.035033 -0.428107 0.002840 winter
-3.077590 -0.497301 0.003708 winter
-3.125095 -0.578955 0.004840 winter
-3.177733 -0.675672 0.006319 winter
-3.235453 -0.790684 0.008249 winter
-3.297798 -0.928002 0.010768 winter
-3.363632 -1.092603 0.014057 winter
-3.430712 -1.290614 0.018351 winter
-3.495024 -1.529460 0.023956 winter
-3.549784 -1.817870 0.031273 winter
-3.583970 -2.165503 0.040825 winter
-3.580347 -2.581770 0.053294 winter
-3.513162 -3.073102 0.069572 winter
-3.346440 -3.637636 0.090822 winter
-3.035193 -4.256550 0.118563 winter
-2.533781 -4.883342 0.154777 winter
-1.815556 -5.437598 0.202052 winter
-0.900629 -5.815929 0.263766 winter
0.127013 -5.928543 0.344330 winter
1.138100 -5.745525 0.449501 winter
2.010397 -5.314737 0.586796 winter
2.675422 -4.733746 0.766026 winter
3.126898 -4.102757 1.000000 winter
-2.925395 -0.341971 0.001667 winter
-2.952652 -0.394968 0.002176 winter
-2.982959 -0.456823 0.002840 winter
-3.016420 -0.529191 0.003708 winter
-3.053018 -0.614076 0.004840 winter
-3.092527 -0.713910 0.006319 winter
-3.134393 -0.831635 0.008249 winter
-3.177554 -0.970799 0.010768 winter
-3.220162 -1.135646 0.014057 winter
-3.259186 -1.331168 0.018351 winter
-3.289843 -1.563056 0.023956 winter
-3.304803 -1.837461 0.031273 winter
-3.293169 -2.160329 0.040825 winter
-3.239316 -2.536047 0.053294 winter
-3.121939 -2.964932 0.069572 winter
-2.914168 -3.439239 0.090822 winter
-2.586285 -3.937851 0.118563 winter
-2.113014 -4.421420 0.154777 winter
-1.486050 -4.832171 0.202052 winter
-0.727980 -5.103929 0.263766 winter
0.102285 -5.183515 0.344330 winter
0.922069 -5.053871 0.449501 winter
1.652305 -4.742437 0.586796 winter
2.242541 -4.307890 0.766026 winter
2.678742 -3.815965 1.000000 winter
-2.885505 -0.360135 0.001667 winter
-2.906249 -0.415070 0.002176 winter
-2.928871 -0.478894 0.002840 winter
-2.953243 -0.553169 0.003708 winter
-2.979065 -0.639751 0.004840 winter
-3.005780 -0.740842 0.006319 winter
-3.032446 -0.859034 0.008249 winter
-3.057561 -0.997355 0.010768 winter
-3.078817 -1.159278 0.014057 winter
-3.092757 -1.348676 0.018351 winter
-3.094323 -1.569651 0.023956 winter
-3.076297 -1.826160 0.031273 winter
-3.028670 -2.121271 0.040825 winter
-2.938101 -2.455890 0.053294 winter
-2.787799 -2.826767 0.069572 winter
-2.558461 -3.223774 0.090822 winter
-2.231117 -3.626966 0.118563 winter
-1.792609 -4.004821 0.154777 winter
-1.243201 -4.316071 0.202052 winter
-0.603468 -4.517287 0.263766 winter
0.084565 -4.575522 0.344330 winter
0.765645 -4.480499 0.449501 winter
1.386495 -4.248814 0.586796 winter
1.909932 -3.917240 0.766026 winter
2.320742 -3.529706 1.000000 winter
-2.844407 -0.373507 0.001667 winter
-2.858644 -0.429549 0.002176 winter
-2.873657 -0.494354 0.002840 winter
-2.889122 -0.569362 0.003708 winter
-2.904514 -0.656249 0.004840 winter
-2.919017 -0.756954 0.006319 winter
-2.931413 -0.873693 0.008249 winter
-2.939920 -1.008961 0.010768 winter
-2.941981 -1.165488 0.014057 winter
-2.933997 -1.346126 0.018351 winter
-2.910999 -1.553617 0.023956 winter
-2.866291 -1.790174 0.031273 winter
-2.791124 -2.056779 0.040825 winter
-2.674568 -2.352123 0.053294 winter
-2.503833 -2.671148 0.069572 winter
-2.265445 -3.003335 0.090822 winter
-1.947693 -3.331240 0.118563 winter
-1.544450 -3.630244 0.154777 winter
-1.059698 -3.870736 0.202052 winter
-0.510878 -4.023504 0.263766 winter
0.071449 -4.067329 0.344330 winter
0.648982 -3.995730 0.449501 winter
1.184565 -3.819204 0.586796 winter
1.650528 -3.561637 0.766026 winter
2.032857 -3.252991 1.000000 winter
-2.844407 0.373507 0.001667 copper
-2.858644 0.429549 0.002176 copper
-2.873657 0.494354 0.002840 copper
-2.889122 0.569362 0.003708 copper
-2.904514 0.656249 0.004840 copper
-2.919017 0.756954 0.006319 copper
-2.931413 0.873693 0.008249 copper
-2.939920 1.008961 0.010768 copper
-2.941981 1.165488 0.014057 copper
-2.933997 1.346126 0.018351 copper
-2.910999 1.553617 0.023956 copper
-2.866291 1.790174 0.031273 copper
-2.791124 2.056779 0.040825 copper
-2.674568 2.352123 0.053294 copper
-2.503833 2.671148 0.069572 copper
-2.265445 3.003335 0.090822 copper
-1.947693 3.331240 0.118563 copper
-1.544450 3.630244 0.154777 copper
-1.059698 3.870736 0.202052 copper
-0.510878 4.023504 0.263766 copper
0.071449 4.067329 0.344330 copper
0.648982 3.995730 0.449501 copper
1.184565 3.819204 0.586796 copper
1.650528 3.561637 0.766026 copper
2.032857 3.252991 1.000000 copper
-2.885505 0.360135 0.001667 copper
-2.906249 0.415070 0.002176 copper
-2.928871 0.478894 0.002840 copper
-2.953243 0.553169 0.003708 copper
-2.979065 0.639751 0.004840 copper
-3.005780 0.740842 0.006319 copper
-3.032446 0.859034 0.008249 copper
-3.057561 0.997355 0.010768 copper
-3.078817 1.159278 0.014057 copper
-3.092757 1.348676 0.018351 copper
-3.094323 1.569651 0.023956 copper
-3.076297 1.826160 0.031273 copper
-3.028670 2.121271 0.040825 copper
-2.938101 2.455890 0.053294 copper
-2.787799 2.826767 0.069572 copper
-2.558461 3.223774 0.090822 copper
-2.231117 3.626966 0.118563 copper
-1.792609 4.004821 0.154777 copper
-1.243201 4.316071 0.202052 copper
-0.603468 4.517287 0.263766 copper
0.084565 4.575522 0.344330 copper
0.765645 4.480499 0.449501 copper
1.386495 4.248814 0.586796 copper
1.909932 3.917240 0.766026 copper
2.320742 3.529706 1.000000 copper
-2.925395 0.341971 0.001667 copper
-2.952652 0.394968 0.002176 copper
-2.982959 0.456823 0.002840 copper
-3.016420 0.529191 0.003708 copper
-3.053018 0.614076 0.004840 copper
-3.092527 0.713910 0.006319 copper
-3.134393 0.831635 0.008249 copper
-3.177554 0.970799 0.010768 copper
-3.220162 1.135646 0.014057 copper
-3.259186 1.331168 0.018351 copper
-3.289843 1.563056 0.023956 copper
-3.304803 1.837461 0.031273 copper
-3.293169 2.160329 0.040825 copper
-3.239316 2.536047 0.053294 copper
-3.121939 2.964932 0.069572 copper
-2.914168 3.439239 0.090822 copper
-2.586285 3.937851 0.118563 copper
-2.113014 4.421420 0.154777 copper
-1.486050 4.832171 0.202052 copper
-0.727980 5.103929 0.263766 copper
0.102285 5.183515 0.344330 copper
0.922069 5.053871 0.449501 copper
1.652305 4.742437 0.586796 copper
2.242541 4.307890 0.766026 copper
2.678742 3.815965 1.000000 copper
-2.963458 0.319075 0.001667 copper
-2.997113 0.369268 0.002176 copper
-3.035033 0.428107 0.002840 copper
-3.077590 0.497301 0.003708 copper
-3.125095 0.578955 0.004840 copper
-3.177733 0.675672 0.006319 copper
-3.235453 0.790684 0.008249 copper
-3.297798 0.928002 0.010768 copper
-3.363632 1.092603 0.014057 copper
-3.430712 1.290614 0.018351 copper
-3.495024 1.529460 0.023956 copper
-3.549784 1.817870 0.031273 copper
-3.583970 2.165503 0.040825 copper
-3.580347 2.581770 0.053294 copper
-3.513162 3.073102 0.069572 copper
-3.346440 3.637636 0.090822 copper
-3.035193 4.256550 0.118563 copper
-2.533781 4.883342 0.154777 copper
-1.815556 5.437598 0.202052 copper
-0.900629 5.815929 0.263766 copper
0.127013 5.928543 0.344330 copper
1.138100 5.745525 0.449501 copper
2.010397 5.314737 0.586796 copper
2.675422 4.733746 0.766026 copper
3.126898 4.102757 1.000000 copper
-2.999062 0.291596 0.001667 copper
-3.038864 0.338105 0.002176 copper
-3.084158 0.392851 0.002840 copper
-3.135607 0.457544 0.003708 copper
-3.193894 0.534324 0.004840 copper
-3.259679 0.625887 0.006319 copper
-3.333520 0.735653 0.008249 copper
-3.415735 0.867983 0.010768 copper
-3.506164 1.028462 0.014057 copper
-3.603760 1.224250 0.018351 copper
-3.705910 1.464486 0.023956 copper
-3.807294 1.760677 0.031273 copper
-3.898036 2.126878 0.040825 copper
-3.960814 2.579166 0.053294 copper
-3.966710 3.133369 0.069572 copper
-3.870250 3.799072 0.090822 copper
-3.606328 4.567083 0.118563 copper
-3.096362 5.388923 0.154777 copper
-2.276025 6.155688 0.202052 copper
-1.149331 6.702252 0.263766 copper
0.162958 6.868754 0.344330 copper
1.447539 6.599059 0.449501 copper
2.505922 5.982320 0.586796 copper
3.247363 5.188548 0.766026 copper
3.690201 4.372343 1.000000 copper
-3.031577 0.259784 0.001667 copper
-3.077132 0.301742 0.002176 copper
-3.129378 0.351316 0.002840 copper
-3.189281 0.410160 0.003708 copper
-3.257924 0.480368 0.004840 copper
-3.336490 0.564625 0.006319 copper
-3.426231 0.666401 0.008249 copper
-3.528384 0.790227 0.010768 copper
-3.644014 0.942075 0.014057 copper
-3.773693 1.129874 0.018351 copper
-3.916903 1.364213 0.023956 copper
-4.070936 1.659230 0.031273 copper
-4.228867 2.033620 0.040825 copper
-4.375952 2.511403 0.053294 copper
-4.483439 3.121342 0.069572 copper
-4.498926 3.892211 0.090822 copper
-4.334468 4.837918 0.118563 copper
-3.861848 5.923719 0.154777 copper
-2.942201 7.013277 0.202052 copper
-1.525374 7.839727 0.263766 copper
0.218048 8.100327 0.344330 copper
1.911522 7.680330 0.449501 copper
3.212902 6.760030 0.586796 copper
4.013288 5.651509 0.766026 copper
4.397416 4.592096 1.000000 copper
-3.060397 0.223995 0.001667 copper
-3.111162 0.260572 0.002176 copper
-3.169745 0.303934 0.002840 copper
-3.237416 0.355610 0.003708 copper
-3.315661 0.417559 0.004840 copper
-3.406207 0.492330 0.006319 copper
-3.511047 0.583272 0.008249 copper
-3.632438 0.694847 0.010768 copper
-3.772858 0.833088 0.014057 copper
-3.934856 1.006254 0.018351 copper
-4.120682 1.225811 0.023956 copper
-4.331460 1.507863 0.031273 copper
-4.565423 1.875176 0.040825 copper
-4.814230 2.359858 0.053294 copper
-5.055455 3.006115 0.069572 copper
-5.237961 3.870481 0.090822 copper
-5.256282 5.010911 0.118563 copper
-4.917885 6.443071 0.154777 copper
-3.945187 8.032145 0.202052 copper
-2.130973 9.354442 0.263766 copper
0.308690 9.794654 0.344330 copper
2.649045 9.090864 0.449501 copper
4.255782 7.647963 0.586796 copper
5.047314 6.070711 0.766026 copper
5.275609 4.705450 1.000000 copper
-3.084958 0.184682 0.001667 copper
-3.140245 0.215122 0.002176 copper
-3.204360 0.251312 0.002840 copper
-3.278858 0.294587 0.003708 copper
-3.365610 0.346679 0.004840 copper
-3.466873 0.409863 0.006319 copper
-3.585375 0.487174 0.008249 copper
-3.724418 0.582727 0.010768 copper
-3.887981 0.702199 0.014057 copper
-4.080805 0.853571 0.018351 copper
-4.308391 1.048299 0.023956 copper
-4.576741 1.303165 0.031273 copper
-4.891428 1.643282 0.040825 copper
-5.254993 2.106913 0.053294 copper
-5.660219 2.752922 0.069572 copper
-6.073465 3.670749 0.090822 copper
-6.395281 4.986698 0.118563 copper
-6.378600 6.835264 0.154777 copper
-5.521466 9.194619 0.202052 copper
-3.192371 11.462218 0.263766 copper
0.473543 12.289683 0.344330 copper
3.913560 10.985083 0.449501 copper
5.844466 8.590663 0.586796 copper
6.435994 6.331554 0.766026 copper
6.335113 4.621664 1.000000 copper
-3.104757 0.142399 0.001667 copper
-3.163746 0.166045 0.002176 copper
-3.232410 0.194224 0.002840 copper
-3.312554 0.228012 0.003708 copper
-3.406387 0.268820 0.004840 copper
-3.516642 0.318518 0.006319 copper
-3.646720 0.379626 0.008249 copper
-3.800897 0.455614 0.010768 copper
-3.984594 0.551346 0.014057 copper
-4.204733 0.673809 0.018351 copper
-4.470201 0.833300 0.023956 copper
-4.792389 1.045441 0.031273 copper
-5.185675 1.334708 0.040825 copper
-5.667295 1.740824 0.053294 copper
-6.254785 2.330653 0.069572 copper
-6.955014 3.220480 0.090822 copper
-7.725538 4.615159 0.118563 copper
-8.349172 6.854532 0.154777 copper
-8.089919 10.321148 0.202052 copper
-5.283526 14.533952 0.263766 copper
0.822637 16.356644 0.344330 copper
6.305202 13.559224 0.449501 copper
8.309278 9.357279 0.586796 copper
8.236776 6.208068 0.766026 copper
7.538078 4.213171 1.000000 copper
-3.119377 0.097785 0.001667 copper
-3.181131 0.114112 0.002176 copper
-3.253207 0.133602 0.002840 copper
-3.337601 0.157020 0.003708 copper
-3.436795 0.185373 0.004840 copper
-3.553900 0.220006 0.006319 copper
-3.692862 0.262750 0.008249 copper
-3.858763 0.316144 0.010768 copper
-4.058239 0.383798 0.014057 copper
-4.300099 0.470979 0.018351 copper
-4.596263 0.585604 0.023956 copper
-4.963169 0.739999 0.031273 copper
-5.423950 0.954161 0.040825 copper
-6.011751 1.262132 0.053294 copper
-6.774458 1.725301 0.069572 copper
-7.779641 2.462109 0.090822 copper
-9.109256 3.719339 0.118563 copper
-10.781592 6.049818 0.154777 copper
-12.252033 10.683584 0.202052 copper
-10.128826 19.043376 0.263766 copper
1.781986 24.216697 0.344330 copper
11.387097 16.736854 0.449501 copper
12.007340 9.241833 0.586796 copper
10.352014 5.332723 0.766026 copper
8.751686 3.343222 1.000000 copper
-3.128502 0.051549 0.001667 copper
-3.191996 0.060186 0.002176 copper
-3.266223 0.070506 0.002840 copper
-3.353307 0.082923 0.003708 copper
-3.455904 0.097980 0.004840 copper
-3.577375 0.116406 0.006319 copper
-3.722032 0.139200 0.008249 copper
-3.895497 0.167757 0.010768 copper
-4.105235 0.204072 0.014057 copper
-4.361369 0.251089 0.018351 copper
-4.677974 0.313284 0.023956 copper
-5.075191 0.397746 0.031273 copper
-5.582840 0.516228 0.040825 copper
-6.246926 0.689368 0.053294 copper
-7.141998 0.956072 0.069572 copper
-8.396254 1.396735 0.090822 copper
-10.245932 2.198949 0.118563 copper
-13.155537 3.880152 0.154777 copper
-17.982436 8.242105 0.202052 copper
-23.447439 23.171867 0.263766 copper
6.417596 45.842037 0.344330 copper
22.738800 17.567465 0.449501 copper
16.576998 6.706531 0.586796 copper
12.310092 3.333237 0.766026 copper
9.721078 1.951950 1.000000 copper
-3.131930 0.004451 0.001667 copper
-3.196081 0.005198 0.002176 copper
-3.271121 0.006091 0.002840 copper
-3.359223 0.007165 0.003708 copper
-3.463110 0.008469 0.004840 copper
-3.586241 0.010066 0.006319 copper
-3.733068 0.012043 0.008249 copper
-3.909426 0.014522 0.010768 copper
-4.123104 0.017679 0.014057 copper
-4.384750 0.021775 0.018351 copper
-4.709307 0.027204 0.023956 copper
-5.118427 0.034601 0.031273 copper
-5.644726 0.045022 0.040825 copper
-6.339743 0.060347 0.053294 copper
-7.290018 0.084178 0.069572 copper
-8.652927 0.124163 0.090822 copper
-10.747859 0.198969 0.118563 copper
-14.336970 0.364751 0.154777 copper
-21.797992 0.861798 0.202052 copper
-46.166581 3.935433 0.263766 copper
242.812910 149.610633 0.344330 copper
36.271169 2.417143 0.449501 copper
19.330195 0.674571 0.586796 copper
13.247906 0.309422 0.766026 copper
10.141488 0.175653 1.000000 copper
-2.844407 -0.373507 0.001667 cool
-2.858644 -0.429549 0.002176 cool
-2.873657 -0.494354 0.002840 cool
-2.889122 -0.569362 0.003708 cool
-2.904514 -0.656249 0.004840 cool
-2.919017 -0.756954 0.006319 cool
-2.931413 -0.873693 0.008249 cool
-2.939920 -1.008961 0.010768 cool
-2.941981 -1.165488 0.014057 cool
-2.933997 -1.346126 0.018351 cool
-2.910999 -1.553617 0.023956 cool
-2.866291 -1.790174 0.031273 cool
-2.791124 -2.056779 0.040825 cool
-2.674568 -2.352123 0.053294 cool
-2.503833 -2.671148 0.069572 cool
-2.265445 -3.003335 0.090822 cool
-1.947693 -3.331240 0.118563 cool
-1.544450 -3.630244 0.154777 cool
-1.059698 -3.870736 0.202052 cool
-0.510878 -4.023504 0.263766 cool
0.071449 -4.067329 0.344330 cool
0.648982 -3.995730 0.449501 cool
1.184565 -3.819204 0.586796 cool
1.650528 -3.561637 0.766026 cool
2.032857 -3.252991 1.000000 cool
-2.806833 -0.381472 0.001667 cool
-2.815302 -0.437841 0.002176 cool
-2.823629 -0.502747 0.002840 cool
-2.831346 -0.577503 0.003708 cool
-2.837769 -0.663608 0.004840 cool
-2.841918 -0.762751 0.006319 cool
-2.842409 -0.876813 0.008249 cool
-2.837320 -1.007826 0.010768 cool
-2.824019 -1.157908 0.014057 cool
-2.798961 -1.329112 0.018351 cool
-2.757460 -1.523175 0.023956 cool
-2.693478 -1.741113 0.031273 cool
-2.599502 -1.982610 0.040825 cool
-2.466631 -2.245170 0.053294 cool
-2.285073 -2.523083 0.069572 cool
-2.045291 -2.806364 0.090822 cool
-1.739957 -3.080084 0.118563 cool
-1.366639 -3.324716 0.154777 cool
-0.930599 -3.518136 0.202052 cool
-0.446493 -3.639488 0.263766 cool
0.062359 -3.674086 0.344330 cool
0.567686 -3.617512 0.449501 cool
1.041944 -3.476937 0.586796 cool
1.463690 -3.268996 0.766026 cool
1.820599 -3.015289 1.000000 cool
-2.769165 -0.385636 0.001667 cool
-2.772024 -0.441744 0.002176 cool
-2.773901 -0.506075 0.002840 cool
-2.774218 -0.579808 0.003708 cool
-2.772172 -0.664258 0.004840 cool
-2.766669 -0.760871 0.006319 cool
-2.756234 -0.871202 0.008249 cool
-2.738892 -0.996861 0.010768 cool
-2.712042 -1.139424 0.014057 cool
-2.672311 -1.300271 0.018351 cool
-2.615408 -1.480343 0.023956 cool
-2.536029 -1.679771 0.031273 cool
-2.427862 -1.897376 0.040825 cool
-2.283794 -2.130023 0.053294 cool
-2.096459 -2.371920 0.069572 cool
-1.859238 -2.614003 0.090822 cool
-1.567769 -2.843731 0.118563 cool
-1.221792 -3.045652 0.154777 cool
-0.826868 -3.203087 0.202052 cool
-0.395204 -3.300881 0.263766 cool
0.055135 -3.328625 0.344330 cool
0.502825 -3.283226 0.449501 cool
0.927012 -3.169715 0.586796 cool
1.310885 -2.999938 0.766026 cool
1.643853 -2.789716 1.000000 cool
-2.731781 -0.386108 0.001667 cool
-2.729240 -0.441417 0.002176 cool
-2.724964 -0.504567 0.002840 cool
-2.718288 -0.576598 0.003708 cool
-2.708330 -0.658647 0.004840 cool
-2.693931 -0.751925 0.006319 cool
-2.673578 -0.857689 0.008249 cool
-2.645313 -0.977172 0.010768 cool
-2.606645 -1.111488 0.014057 cool
-2.554443 -1.261472 0.018351 cool
-2.484872 -1.427451 0.023956 cool
-2.393363 -1.608935 0.031273 cool
-2.274703 -1.804215 0.040825 cool
-2.123300 -2.009893 0.053294 cool
-1.933697 -2.220426 0.069572 cool
-1.701412 -2.427811 0.090822 cool
-1.424061 -2.621617 0.118563 cool
-1.102621 -2.789611 0.154777 cool
-0.742474 -2.919092 0.202052 cool
-0.353765 -2.998870 0.263766 cool
0.049311 -3.021414 0.344330 cool
0.450354 -2.984505 0.449501 cool
0.833283 -2.891754 0.586796 cool
1.184759 -2.751768 0.766026 cool
1.495775 -2.576306 1.000000 cool
-2.695027 -0.383030 0.001667 cool
-2.687340 -0.437057 0.002176 cool
-2.677250 -0.498488 0.002840 cool
-2.664031 -0.568231 0.003708 cool
-2.646755 -0.647250 0.004840 cool
-2.624234 -0.736543 0.006319 cool
-2.594964 -0.837097 0.008249 cool
-2.557056 -0.949821 0.010768 cool
-2.508175 -1.075446 0.014057 cool
-2.445480 -1.214376 0.018351 cool
-2.365599 -1.366488 0.023956 cool
-2.264662 -1.530880 0.031273 cool
-2.138426 -1.705555 0.040825 cool
-1.982553 -1.887097 0.053294 cool
-1.793069 -2.070392 0.069572 cool
-1.567032 -2.248491 0.090822 cool
-1.303370 -2.412770 0.118563 cool
-1.003721 -2.553513 0.154777 cool
-0.673075 -2.660958 0.202052 cool
-0.319882 -2.726715 0.263766 cool
0.044556 -2.745236 0.344330 cool
0.407406 -2.714899 0.449501 cool
0.756058 -2.638347 0.586796 cool
1.079805 -2.521941 0.766026 cool
1.371014 -2.374547 1.000000 cool
-2.695027 0.383030 0.001667 autumn
-2.687340 0.437057 0.002176 autumn
-2.677250 0.498488 0.002840 autumn
-2.664031 0.568231 0.003708 autumn
-2.646755 0.647250 0.004840 autumn
-2.624234 0.736543 0.006319 autumn
-2.594964 0.837097 0.008249 autumn
-2.557056 0.949821 0.010768 autumn
-2.508175 1.075446 0.014057 autumn
-2.445480 1.214376 0.018351 autumn
-2.365599 1.366488 0.023956 autumn
-2.264662 1.530880 0.031273 autumn
-2.138426 1.705555 0.040825 autumn
-1.982553 1.887097 0.053294 autumn
-1.793069 2.070392 0.069572 autumn
-1.567032 2.248491 0.090822 autumn
-1.303370 2.412770 0.118563 autumn
-1.003721 2.553513 0.154777 autumn
-0.673075 2.660958 0.202052 autumn
-0.319882 2.726715 0.263766 autumn
0.044556 2.745236 0.344330 autumn
0.407406 2.714899 0.449501 autumn
0.756058 2.638347 0.586796 autumn
1.079805 2.521941 0.766026 autumn
1.371014 2.374547 1.000000 autumn
-2.731781 0.386108 0.001667 autumn
-2.729240 0.441417 0.002176 autumn
-2.724964 0.504567 0.002840 autumn
-2.718288 0.576598 0.003708 autumn
-2.708330 0.658647 0.004840 autumn
-2.693931 0.751925 0.006319 autumn
-2.673578 0.857689 0.008249 autumn
-2.645313 0.977172 0.010768 autumn
-2.606645 1.111488 0.014057 autumn
-2.554443 1.261472 0.018351 autumn
-2.484872 1.427451 0.023956 autumn
-2.393363 1.608935 0.031273 autumn
-2.274703 1.804215 0.040825 autumn
-2.123300 2.009893 0.053294 autumn
-1.933697 2.220426 0.069572 autumn
-1.701412 2.427811 0.090822 autumn
-1.424061 2.621617 0.118563 autumn
-1.102621 2.789611 0.154777 autumn
-0.742474 2.919092 0.202052 autumn
-0.353765 2.998870 0.263766 autumn
0.049311 3.021414 0.344330 autumn
0.450354 2.984505 0.449501 autumn
0.833283 2.891754 0.586796 autumn
1.184759 2.751768 0.766026 autumn
1.495775 2.576306 1.000000 autumn
-2.769165 0.385636 0.001667 autumn
-2.772024 0.441744 0.002176 autumn
-2.773901 0.506075 0.002840 autumn
-2.774218 0.579808 0.003708 autumn
-2.772172 0.664258 0.004840 autumn
-2.766669 0.760871 0.006319 autumn
-2.756234 0.871202 0.008249 autumn
-2.738892 0.996861 0.010768 autumn
-2.712042 1.139424 0.014057 autumn
-2.672311 1.300271 0.018351 autumn
-2.615408 1.480343 0.023956 autumn
-2.536029 1.679771 0.031273 autumn
-2.427862 1.897376 0.040825 autumn
-2.283794 2.130023 0.053294 autumn
-2.096459 2.371920 0.069572 autumn
-1.859238 2.614003 0.090822 autumn
-1.567769 2.843731 0.118563 autumn
-1.221792 3.045652 0.154777 autumn
-0.826868 3.203087 0.202052 autumn
-0.395204 3.300881 0.263766 autumn
0.055135 3.328625 0.344330 autumn
0.502825 3.283226 0.449501 autumn
0.927012 3.169715 0.586796 autumn
1.310885 2.999938 0.766026 autumn
1.643853 2.789716 1.000000 autumn
-2.806833 0.381472 0.001667 autumn
-2.815302 0.437841 0.002176 autumn
-2.823629 0.502747 0.002840 autumn
-2.831346 0.577503 0.003708 autumn
-2.837769 0.663608 0.004840 autumn
-2.841918 0.762751 0.006319 autumn
-2.842409 0.876813 0.008249 autumn
-2.837320 1.007826 0.010768 autumn
-2.824019 1.157908 0.014057 autumn
-2.798961 1.329112 0.018351 autumn
-2.757460 1.523175 0.023956 autumn
-2.693478 1.741113 0.031273 autumn
-2.599502 1.982610 0.040825 autumn
-2.466631 2.245170 0.053294 autumn
-2.285073 2.523083 0.069572 autumn
-2.045291 2.806364 0.090822 autumn
-1.739957 3.080084 0.118563 autumn
-1.366639 3.324716 0.154777 autumn
-0.930599 3.518136 0.202052 autumn
-0.446493 3.639488 0.263766 autumn
0.062359 3.674086 0.344330 autumn
0.567686 3.617512 0.449501 autumn
1.041944 3.476937 0.586796 autumn
1.463690 3.268996 0.766026 autumn
1.820599 3.015289 1.000000 autumn
-2.844407 0.373507 0.001667 autumn
-2.858644 0.429549 0.002176 autumn
-2.873657 0.494354 0.002840 autumn
-2.889122 0.569362 0.003708 autumn
-2.904514 0.656249 0.004840 autumn
-2.919017 0.756954 0.006319 autumn
-2.931413 0.873693 0.008249 autumn
-2.939920 1.008961 0.010768 autumn
-2.941981 1.165488 0.014057 autumn
-2.933997 1.346126 0.018351 autumn
-2.910999 1.553617 0.023956 autumn
-2.866291 1.790174 0.031273 autumn
-2.791124 2.056779 0.040825 autumn
-2.674568 2.352123 0.053294 autumn
-2.503833 2.671148 0.069572 autumn
-2.265445 3.003335 0.090822 autumn
-1.947693 3.331240 0.118563 autumn
-1.544450 3.630244 0.154777 autumn
-1.059698 3.870736 0.202052 autumn
-0.510878 4.023504 0.263766 autumn
0.071449 4.067329 0.344330 autumn
0.648982 3.995730 0.449501 autumn
1.184565 3.819204 0.586796 autumn
1.650528 3.561637 0.766026 autumn
2.032857 3.252991 1.000000 autumn
