-0.867924 0.001234 0.001667 winter
-0.850502 0.001383 0.002176 winter
-0.830991 0.001547 0.002840 winter
-0.809196 0.001726 0.003708 winter
-0.784920 0.001920 0.004840 winter
-0.757969 0.002127 0.006319 winter
-0.728155 0.002349 0.008249 winter
-0.695305 0.002583 0.010768 winter
-0.659268 0.002827 0.014057 winter
-0.619925 0.003079 0.018351 winter
-0.577196 0.003334 0.023956 winter
-0.531053 0.003590 0.031273 winter
-0.481531 0.003841 0.040825 winter
-0.428730 0.004081 0.053294 winter
-0.372828 0.004305 0.069572 winter
-0.314081 0.004507 0.090822 winter
-0.252827 0.004680 0.118563 winter
-0.189477 0.004821 0.154777 winter
-0.124509 0.004923 0.202052 winter
-0.058455 0.004983 0.263766 winter
0.008114 0.005000 0.344330 winter
0.074612 0.004972 0.449501 winter
0.140453 0.004901 0.586796 winter
0.205074 0.004790 0.766026 winter
0.267955 0.004641 1.000000 winter
-0.868641 0.014313 0.001667 winter
-0.851290 0.016051 0.002176 winter
-0.831853 0.017957 0.002840 winter
-0.810132 0.020033 0.003708 winter
-0.785930 0.022282 0.004840 winter
-0.759050 0.024699 0.006319 winter
-0.729302 0.027275 0.008249 winter
-0.696509 0.029995 0.010768 winter
-0.660518 0.032835 0.014057 winter
-0.621205 0.035763 0.018351 winter
-0.578486 0.038741 0.023956 winter
-0.532332 0.041719 0.031273 winter
-0.482772 0.044640 0.040825 winter
-0.429904 0.047441 0.053294 winter
-0.373905 0.050053 0.069572 winter
-0.315031 0.052406 0.090822 winter
-0.253622 0.054431 0.118563 winter
-0.190090 0.056066 0.154777 winter
-0.124920 0.057256 0.202052 winter
-0.058651 0.057961 0.263766 winter
0.008142 0.058157 0.344330 winter
0.074861 0.057836 0.449501 winter
0.140915 0.057010 0.586796 winter
0.205733 0.055707 0.766026 winter
0.268790 0.053972 1.000000 winter
-0.870563 0.027290 0.001667 winter
-0.853403 0.030613 0.002176 winter
-0.834163 0.034257 0.002840 winter
-0.812643 0.038231 0.003708 winter
-0.788641 0.042538 0.004840 winter
-0.761953 0.047169 0.006319 winter
-0.732383 0.052110 0.008249 winter
-0.699747 0.057329 0.010768 winter
-0.663880 0.062785 0.014057 winter
-0.624650 0.068416 0.018351 winter
-0.581964 0.074147 0.023956 winter
-0.535780 0.079884 0.031273 winter
-0.486119 0.085516 0.040825 winter
-0.433073 0.090921 0.053294 winter
-0.376814 0.095966 0.069572 winter
-0.317599 0.100514 0.090822 winter
-0.255769 0.104431 0.118563 winter
-0.191748 0.107595 0.154777 winter
-0.126033 0.109899 0.202052 winter
-0.059180 0.111265 0.263766 winter
0.008215 0.111644 0.344330 winter
0.075535 0.111022 0.449501 winter
0.142165 0.109422 0.586796 winter
0.207517 0.106900 0.766026 winter
0.271047 0.103542 1.000000 winter
-0.873684 0.040071 0.001667 winter
-0.856837 0.044970 0.002176 winter
-0.837921 0.050348 0.002840 winter
-0.816730 0.056218 0.003708 winter
-0.793057 0.062585 0.004840 winter
-0.766687 0.069442 0.006319 winter
-0.737413 0.076765 0.008249 winter
-0.705038 0.084513 0.010768 winter
-0.669382 0.092622 0.014057 winter
-0.630295 0.101005 0.018351 winter
-0.587668 0.109549 0.023956 winter
-0.541442 0.118113 0.031273 winter
-0.491622 0.126536 0.040825 winter
-0.438289 0.134629 0.053294 winter
-0.381608 0.142194 0.069572 winter
-0.321833 0.149023 0.090822 winter
-0.259314 0.154912 0.118563 winter
-0.194488 0.159671 0.154777 winter
-0.127873 0.163141 0.202052 winter
-0.060054 0.165198 0.263766 winter
0.008337 0.165769 0.344330 winter
0.076649 0.164832 0.449501 winter
0.144231 0.162422 0.586796 winter
0.210462 0.158625 0.766026 winter
0.274771 0.153575 1.000000 winter
-0.877994 0.052561 0.001667 winter
-0.861584 0.059023 0.002176 winter
-0.843121 0.066124 0.002840 winter
-0.822395 0.073888 0.003708 winter
-0.799184 0.082321 0.004840 winter
-0.773266 0.091418 0.006319 winter
-0.744414 0.101150 0.008249 winter
-0.712414 0.111465 0.010768 winter
-0.677065 0.122283 0.014057 winter
-0.638193 0.133489 0.018351 winter
-0.595663 0.144934 0.023956 winter
-0.549392 0.156432 0.031273 winter
-0.499364 0.167762 0.040825 winter
-0.445640 0.178673 0.053294 winter
-0.388374 0.188891 0.069572 winter
-0.327819 0.198131 0.090822 winter
-0.264331 0.206111 0.118563 winter
-0.198368 0.212570 0.154777 winter
-0.130481 0.217283 0.202052 winter
-0.061295 0.220080 0.263766 winter
0.008510 0.220856 0.344330 winter
0.078229 0.219582 0.449501 winter
0.147159 0.216306 0.586796 winter
0.214633 0.211150 0.766026 winter
0.280040 0.204298 1.000000 winter
-0.883479 0.064663 0.001667 winter
-0.867633 0.072668 0.002176 winter
-0.849758 0.081480 0.002840 winter
-0.829635 0.091130 0.003708 winter
-0.807032 0.101634 0.004840 winter
-0.781707 0.112987 0.006319 winter
-0.753416 0.125161 0.008249 winter
-0.721919 0.138096 0.010768 winter
-0.686988 0.151694 0.014057 winter
-0.648417 0.165818 0.018351 winter
-0.606038 0.180283 0.023956 winter
-0.559735 0.194854 0.031273 winter
-0.509459 0.209252 0.040825 winter
-0.455248 0.223155 0.053294 winter
-0.397237 0.236208 0.069572 winter
-0.335674 0.248040 0.090822 winter
-0.270927 0.258279 0.118563 winter
-0.203477 0.266582 0.154777 winter
-0.133918 0.272648 0.202052 winter
-0.062931 0.276251 0.263766 winter
0.008738 0.277252 0.344330 winter
0.080312 0.275610 0.449501 winter
0.151018 0.271390 0.586796 winter
0.220123 0.264755 0.766026 winter
0.286965 0.255951 1.000000 winter
-0.890120 0.076277 0.001667 winter
-0.874968 0.085799 0.002176 winter
-0.857822 0.096303 0.002840 winter
-0.838451 0.107829 0.003708 winter
-0.816607 0.120405 0.004840 winter
-0.792031 0.134033 0.006319 winter
-0.764454 0.148686 0.008249 winter
-0.733607 0.164301 0.010768 winter
-0.699225 0.180768 0.014057 winter
-0.661063 0.197928 0.018351 winter
-0.618911 0.215559 0.023956 winter
-0.572607 0.233383 0.031273 winter
-0.522062 0.251055 0.040825 winter
-0.467278 0.268175 0.053294 winter
-0.408365 0.284301 0.069572 winter
-0.345563 0.298961 0.090822 winter
-0.279247 0.311682 0.118563 winter
-0.209934 0.322019 0.154777 winter
-0.138267 0.329585 0.202052 winter
-0.065003 0.334084 0.263766 winter
0.009027 0.335334 0.344330 winter
0.082949 0.333283 0.449501 winter
0.155899 0.328015 0.586796 winter
0.227058 0.319743 0.766026 winter
0.295697 0.308787 1.000000 winter
-0.897889 0.087301 0.001667 winter
-0.883568 0.098306 0.002176 winter
-0.867297 0.110474 0.002840 winter
-0.848834 0.123861 0.003708 winter
-0.827916 0.138506 0.004840 winter
-0.804260 0.154425 0.006319 winter
-0.777570 0.171597 0.008249 winter
-0.747540 0.189960 0.010768 winter
-0.713864 0.209398 0.014057 winter
-0.676247 0.229731 0.018351 winter
-0.634425 0.250709 0.023956 winter
-0.588180 0.272003 0.031273 winter
-0.537367 0.293203 0.040825 winter
-0.481940 0.313825 0.053294 winter
-0.421975 0.333325 0.069572 winter
-0.357694 0.351116 0.090822 winter
-0.289483 0.366604 0.118563 winter
-0.217894 0.379223 0.154777 winter
-0.143638 0.388480 0.202052 winter
-0.067563 0.393991 0.263766 winter
0.009384 0.395523 0.344330 winter
0.086209 0.393009 0.449501 winter
0.161924 0.386558 0.586796 winter
0.235604 0.376442 0.766026 winter
0.306431 0.363075 1.000000 winter
-0.906755 0.097630 0.001667 winter
-0.893405 0.110075 0.002176 winter
-0.878163 0.123869 0.002840 winter
-0.860775 0.139091 0.003708 winter
-0.840961 0.155796 0.004840 winter
-0.818415 0.174017 0.006319 winter
-0.792807 0.193747 0.008249 winter
-0.763790 0.214931 0.010768 winter
-0.731008 0.237452 0.014057 winter
-0.694106 0.261119 0.018351 winter
-0.652753 0.285652 0.023956 winter
-0.606661 0.310675 0.031273 winter
-0.555612 0.335712 0.040825 winter
-0.499496 0.360184 0.053294 winter
-0.438339 0.383432 0.069572 winter
-0.372336 0.404736 0.090822 winter
-0.301878 0.423353 0.118563 winter
-0.227559 0.438572 0.154777 winter
-0.150171 0.449764 0.202052 winter
-0.070682 0.456440 0.263766 winter
0.009819 0.458297 0.344330 winter
0.090178 0.455250 0.449501 winter
0.169252 0.447439 0.586796 winter
0.245975 0.435215 0.766026 winter
0.319420 0.419106 1.000000 winter
-0.916675 0.107157 0.001667 winter
-0.904440 0.120985 0.002176 winter
-0.890388 0.136358 0.002840 winter
-0.874254 0.153376 0.003708 winter
-0.855739 0.172121 0.004840 winter
-0.834511 0.192647 0.006319 winter
-0.810207 0.214969 0.008249 winter
-0.782431 0.239046 0.010768 winter
-0.750768 0.264772 0.014057 winter
-0.714795 0.291948 0.018351 winter
-0.674097 0.320274 0.023956 winter
-0.628297 0.349331 0.031273 winter
-0.577087 0.378571 0.040825 winter
-0.520268 0.407315 0.053294 winter
-0.457796 0.434773 0.069572 winter
-0.389825 0.460063 0.090822 winter
-0.316742 0.482268 0.118563 winter
-0.239186 0.500490 0.154777 winter
-0.158051 0.513933 0.202052 winter
-0.074449 0.521967 0.263766 winter
0.010344 0.524205 0.344330 winter
0.094970 0.520534 0.449501 winter
0.178084 0.511136 0.586796 winter
0.258442 0.496464 0.766026 winter
0.334982 0.477193 1.000000 winter
-0.927598 0.115772 0.001667 winter
-0.916626 0.130912 0.002176 winter
-0.903932 0.147800 0.002840 winter
-0.889241 0.166563 0.003708 winter
-0.872236 0.187312 0.004840 winter
-0.852560 0.210132 0.006319 winter
-0.829809 0.235069 0.008249 winter
-0.803538 0.262108 0.010768 winter
-0.773266 0.291161 0.014057 winter
-0.738487 0.322036 0.018351 winter
-0.698687 0.354422 0.023956 winter
-0.653379 0.387860 0.031273 winter
-0.602136 0.421734 0.040825 winter
-0.544645 0.455256 0.053294 winter
-0.480765 0.487485 0.069572 winter
-0.410582 0.517351 0.090822 winter
-0.334467 0.543718 0.118563 winter
-0.253106 0.565459 0.154777 winter
-0.167511 0.581555 0.202052 winter
-0.078979 0.591200 0.263766 winter
0.010976 0.593889 0.344330 winter
0.100732 0.589478 0.449501 winter
0.188682 0.578203 0.586796 winter
0.273355 0.560648 0.766026 winter
0.353519 0.537681 1.000000 winter
-0.939460 0.123363 0.001667 winter
-0.929903 0.139730 0.002176 winter
-0.918742 0.158051 0.002840 winter
-0.905693 0.178486 0.003708 winter
-0.890426 0.201184 0.004840 winter
-0.872556 0.226270 0.006319 winter
-0.851642 0.253827 0.008249 winter
-0.827184 0.283884 0.010768 winter
-0.798626 0.316382 0.014057 winter
-0.765367 0.351153 0.018351 winter
-0.726780 0.387886 0.023956 winter
-0.682237 0.426099 0.031273 winter
-0.631166 0.465106 0.040825 winter
-0.573100 0.504007 0.053294 winter
-0.507760 0.541691 0.069572 winter
-0.435133 0.576863 0.090822 winter
-0.355550 0.608116 0.118563 winter
-0.269741 0.634029 0.154777 winter
-0.178855 0.653299 0.202052 winter
-0.084422 0.664881 0.263766 winter
0.011736 0.668115 0.344330 winter
0.107653 0.662812 0.449501 winter
0.201381 0.649280 0.586796 winter
0.291158 0.628283 0.766026 winter
0.375541 0.600943 1.000000 winter
-0.939460 -0.123363 0.001667 copper
-0.929903 -0.139730 0.002176 copper
-0.918742 -0.158051 0.002840 copper
-0.905693 -0.178486 0.003708 copper
-0.890426 -0.201184 0.004840 copper
-0.872556 -0.226270 0.006319 copper
-0.851642 -0.253827 0.008249 copper
-0.827184 -0.283884 0.010768 copper
-0.798626 -0.316382 0.014057 copper
-0.765367 -0.351153 0.018351 copper
-0.726780 -0.387886 0.023956 copper
-0.682237 -0.426099 0.031273 copper
-0.631166 -0.465106 0.040825 copper
-0.573100 -0.504007 0.053294 copper
-0.507760 -0.541691 0.069572 copper
-0.435133 -0.576863 0.090822 copper
-0.355550 -0.608116 0.118563 copper
-0.269741 -0.634029 0.154777 copper
-0.178855 -0.653299 0.202052 copper
-0.084422 -0.664881 0.263766 copper
0.011736 -0.668115 0.344330 copper
0.107653 -0.662812 0.449501 copper
0.201381 -0.649280 0.586796 copper
0.291158 -0.628283 0.766026 copper
0.375541 -0.600943 1.000000 copper
-0.927598 -0.115772 0.001667 copper
-0.916626 -0.130912 0.002176 copper
-0.903932 -0.147800 0.002840 copper
-0.889241 -0.166563 0.003708 copper
-0.872236 -0.187312 0.004840 copper
-0.852560 -0.210132 0.006319 copper
-0.829809 -0.235069 0.008249 copper
-0.803538 -0.262108 0.010768 copper
-0.773266 -0.291161 0.014057 copper
-0.738487 -0.322036 0.018351 copper
-0.698687 -0.354422 0.023956 copper
-0.653379 -0.387860 0.031273 copper
-0.602136 -0.421734 0.040825 copper
-0.544645 -0.455256 0.053294 copper
-0.480765 -0.487485 0.069572 copper
-0.410582 -0.517351 0.090822 copper
-0.334467 -0.543718 0.118563 copper
-0.253106 -0.565459 0.154777 copper
-0.167511 -0.581555 0.202052 copper
-0.078979 -0.591200 0.263766 copper
0.010976 -0.593889 0.344330 copper
0.100732 -0.589478 0.449501 copper
0.188682 -0.578203 0.586796 copper
0.273355 -0.560648 0.766026 copper
0.353519 -0.537681 1.000000 copper
-0.916675 -0.107157 0.001667 copper
-0.904440 -0.120985 0.002176 copper
-0.890388 -0.136358 0.002840 copper
-0.874254 -0.153376 0.003708 copper
-0.855739 -0.172121 0.004840 copper
-0.834511 -0.192647 0.006319 copper
-0.810207 -0.214969 0.008249 copper
-0.782431 -0.239046 0.010768 copper
-0.750768 -0.264772 0.014057 copper
-0.714795 -0.291948 0.018351 copper
-0.674097 -0.320274 0.023956 copper
-0.628297 -0.349331 0.031273 copper
-0.577087 -0.378571 0.040825 copper
-0.520268 -0.407315 0.053294 copper
-0.457796 -0.434773 0.069572 copper
-0.389825 -0.460063 0.090822 copper
-0.316742 -0.482268 0.118563 copper
-0.239186 -0.500490 0.154777 copper
-0.158051 -0.513933 0.202052 copper
-0.074449 -0.521967 0.263766 copper
0.010344 -0.524205 0.344330 copper
0.094970 -0.520534 0.449501 copper
0.178084 -0.511136 0.586796 copper
0.258442 -0.496464 0.766026 copper
0.334982 -0.477193 1.000000 copper
-0.906755 -0.097630 0.001667 copper
-0.893405 -0.110075 0.002176 copper
-0.878163 -0.123869 0.002840 copper
-0.860775 -0.139091 0.003708 copper
-0.840961 -0.155796 0.004840 copper
-0.818415 -0.174017 0.006319 copper
-0.792807 -0.193747 0.008249 copper
-0.763790 -0.214931 0.010768 copper
-0.731008 -0.237452 0.014057 copper
-0.694106 -0.261119 0.018351 copper
-0.652753 -0.285652 0.023956 copper
-0.606661 -0.310675 0.031273 copper
-0.555612 -0.335712 0.040825 copper
-0.499496 -0.360184 0.053294 copper
-0.438339 -0.383432 0.069572 copper
-0.372336 -0.404736 0.090822 copper
-0.301878 -0.423353 0.118563 copper
-0.227559 -0.438572 0.154777 copper
-0.150171 -0.449764 0.202052 copper
-0.070682 -0.456440 0.263766 copper
0.009819 -0.458297 0.344330 copper
0.090178 -0.455250 0.449501 copper
0.169252 -0.447439 0.586796 copper
0.245975 -0.435215 0.766026 copper
0.319420 -0.419106 1.000000 copper
-0.897889 -0.087301 0.001667 copper
-0.883568 -0.098306 0.002176 copper
-0.867297 -0.110474 0.002840 copper
-0.848834 -0.123861 0.003708 copper
-0.827916 -0.138506 0.004840 copper
-0.804260 -0.154425 0.006319 copper
-0.777570 -0.171597 0.008249 copper
-0.747540 -0.189960 0.010768 copper
-0.713864 -0.209398 0.014057 copper
-0.676247 -0.229731 0.018351 copper
-0.634425 -0.250709 0.023956 copper
-0.588180 -0.272003 0.031273 copper
-0.537367 -0.293203 0.040825 copper
-0.481940 -0.313825 0.053294 copper
-0.421975 -0.333325 0.069572 copper
-0.357694 -0.351116 0.090822 copper
-0.289483 -0.366604 0.118563 copper
-0.217894 -0.379223 0.154777 copper
-0.143638 -0.388480 0.202052 copper
-0.067563 -0.393991 0.263766 copper
0.009384 -0.395523 0.344330 copper
0.086209 -0.393009 0.449501 copper
0.161924 -0.386558 0.586796 copper
0.235604 -0.376442 0.766026 copper
0.306431 -0.363075 1.000000 copper
-0.890120 -0.076277 0.001667 copper
-0.874968 -0.085799 0.002176 copper
-0.857822 -0.096303 0.002840 copper
-0.838451 -0.107829 0.003708 copper
-0.816607 -0.120405 0.004840 copper
-0.792031 -0.134033 0.006319 copper
-0.764454 -0.148686 0.008249 copper
-0.733607 -0.164301 0.010768 copper
-0.699225 -0.180768 0.014057 copper
-0.661063 -0.197928 0.018351 copper
-0.618911 -0.215559 0.023956 copper
-0.572607 -0.233383 0.031273 copper
-0.522062 -0.251055 0.040825 copper
-0.467278 -0.268175 0.053294 copper
-0.408365 -0.284301 0.069572 copper
-0.345563 -0.298961 0.090822 copper
-0.279247 -0.311682 0.118563 copper
-0.209934 -0.322019 0.154777 copper
-0.138267 -0.329585 0.202052 copper
-0.065003 -0.334084 0.263766 copper
0.009027 -0.335334 0.344330 copper
0.082949 -0.333283 0.449501 copper
0.155899 -0.328015 0.586796 copper
0.227058 -0.319743 0.766026 copper
0.295697 -0.308787 1.000000 copper
-0.883479 -0.064663 0.001667 copper
-0.867633 -0.072668 0.002176 copper
-0.849758 -0.081480 0.002840 copper
-0.829635 -0.091130 0.003708 copper
-0.807032 -0.101634 0.004840 copper
-0.781707 -0.112987 0.006319 copper
-0.753416 -0.125161 0.008249 copper
-0.721919 -0.138096 0.010768 copper
-0.686988 -0.151694 0.014057 copper
-0.648417 -0.165818 0.018351 copper
-0.606038 -0.180283 0.023956 copper
-0.559735 -0.194854 0.031273 copper
-0.509459 -0.209252 0.040825 copper
-0.455248 -0.223155 0.053294 copper
-0.397237 -0.236208 0.069572 copper
-0.335674 -0.248040 0.090822 copper
-0.270927 -0.258279 0.118563 copper
-0.203477 -0.266582 0.154777 copper
-0.133918 -0.272648 0.202052 copper
-0.062931 -0.276251 0.263766 copper
0.008738 -0.277252 0.344330 copper
0.080312 -0.275610 0.449501 copper
0.151018 -0.271390 0.586796 copper
0.220123 -0.264755 0.766026 copper
0.286965 -0.255951 1.000000 copper
-0.877994 -0.052561 0.001667 copper
-0.861584 -0.059023 0.002176 copper
-0.843121 -0.066124 0.002840 copper
-0.822395 -0.073888 0.003708 copper
-0.799184 -0.082321 0.004840 copper
-0.773266 -0.091418 0.006319 copper
-0.744414 -0.101150 0.008249 copper
-0.712414 -0.111465 0.010768 copper
-0.677065 -0.122283 0.014057 copper
-0.638193 -0.133489 0.018351 copper
-0.595663 -0.144934 0.023956 copper
-0.549392 -0.156432 0.031273 copper
-0.499364 -0.167762 0.040825 copper
-0.445640 -0.178673 0.053294 copper
-0.388374 -0.188891 0.069572 copper
-0.327819 -0.198131 0.090822 copper
-0.264331 -0.206111 0.118563 copper
-0.198368 -0.212570 0.154777 copper
-0.130481 -0.217283 0.202052 copper
-0.061295 -0.220080 0.263766 copper
0.008510 -0.220856 0.344330 copper
0.078229 -0.219582 0.449501 copper
0.147159 -0.216306 0.586796 copper
0.214633 -0.211150 0.766026 copper
0.280040 -0.204298 1.000000 copper
-0.873684 -0.040071 0.001667 copper
-0.856837 -0.044970 0.002176 copper
-0.837921 -0.050348 0.002840 copper
-0.816730 -0.056218 0.003708 copper
-0.793057 -0.062585 0.004840 copper
-0.766687 -0.069442 0.006319 copper
-0.737413 -0.076765 0.008249 copper
-0.705038 -0.084513 0.010768 copper
-0.669382 -0.092622 0.014057 copper
-0.630295 -0.101005 0.018351 copper
-0.587668 -0.109549 0.023956 copper
-0.541442 -0.118113 0.031273 copper
-0.491622 -0.126536 0.040825 copper
-0.438289 -0.134629 0.053294 copper
-0.381608 -0.142194 0.069572 copper
-0.321833 -0.149023 0.090822 copper
-0.259314 -0.154912 0.118563 copper
-0.194488 -0.159671 0.154777 copper
-0.127873 -0.163141 0.202052 copper
-0.060054 -0.165198 0.263766 copper
0.008337 -0.165769 0.344330 copper
0.076649 -0.164832 0.449501 copper
0.144231 -0.162422 0.586796 copper
0.210462 -0.158625 0.766026 copper
0.274771 -0.153575 1.000000 copper
-0.870563 -0.027290 0.001667 copper
-0.853403 -0.030613 0.002176 copper
-0.834163 -0.034257 0.002840 copper
-0.812643 -0.038231 0.003708 copper
-0.788641 -0.042538 0.004840 copper
-0.761953 -0.047169 0.006319 copper
-0.732383 -0.052110 0.008249 copper
-0.699747 -0.057329 0.010768 copper
-0.663880 -0.062785 0.014057 copper
-0.624650 -0.068416 0.018351 copper
-0.581964 -0.074147 0.023956 copper
-0.535780 -0.079884 0.031273 copper
-0.486119 -0.085516 0.040825 copper
-0.433073 -0.090921 0.053294 copper
-0.376814 -0.095966 0.069572 copper
-0.317599 -0.100514 0.090822 copper
-0.255769 -0.104431 0.118563 copper
-0.191748 -0.107595 0.154777 copper
-0.126033 -0.109899 0.202052 copper
-0.059180 -0.111265 0.263766 copper
0.008215 -0.111644 0.344330 copper
0.075535 -0.111022 0.449501 copper
0.142165 -0.109422 0.586796 copper
0.207517 -0.106900 0.766026 copper
0.271047 -0.103542 1.000000 copper
-0.868641 -0.014313 0.001667 copper
-0.851290 -0.016051 0.002176 copper
-0.831853 -0.017957 0.002840 copper
-0.810132 -0.020033 0.003708 copper
-0.785930 -0.022282 0.004840 copper
-0.759050 -0.024699 0.006319 copper
-0.729302 -0.027275 0.008249 copper
-0.696509 -0.029995 0.010768 copper
-0.660518 -0.032835 0.014057 copper
-0.621205 -0.035763 0.018351 copper
-0.578486 -0.038741 0.023956 copper
-0.532332 -0.041719 0.031273 copper
-0.482772 -0.044640 0.040825 copper
-0.429904 -0.047441 0.053294 copper
-0.373905 -0.050053 0.069572 copper
-0.315031 -0.052406 0.090822 copper
-0.253622 -0.054431 0.118563 copper
-0.190090 -0.056066 0.154777 copper
-0.124920 -0.057256 0.202052 copper
-0.058651 -0.057961 0.263766 copper
0.008142 -0.058157 0.344330 copper
0.074861 -0.057836 0.449501 copper
0.140915 -0.057010 0.586796 copper
0.205733 -0.055707 0.766026 copper
0.268790 -0.053972 1.000000 copper
-0.867924 -0.001234 0.001667 copper
-0.850502 -0.001383 0.002176 copper
-0.830991 -0.001547 0.002840 copper
-0.809196 -0.001726 0.003708 copper
-0.784920 -0.001920 0.004840 copper
-0.757969 -0.002127 0.006319 copper
-0.728155 -0.002349 0.008249 copper
-0.695305 -0.002583 0.010768 copper
-0.659268 -0.002827 0.014057 copper
-0.619925 -0.003079 0.018351 copper
-0.577196 -0.003334 0.023956 copper
-0.531053 -0.003590 0.031273 copper
-0.481531 -0.003841 0.040825 copper
-0.428730 -0.004081 0.053294 copper
-0.372828 -0.004305 0.069572 copper
-0.314081 -0.004507 0.090822 copper
-0.252827 -0.004680 0.118563 copper
-0.189477 -0.004821 0.154777 copper
-0.124509 -0.004923 0.202052 copper
-0.058455 -0.004983 0.263766 copper
0.008114 -0.005000 0.344330 copper
0.074612 -0.004972 0.449501 copper
0.140453 -0.004901 0.586796 copper
0.205074 -0.004790 0.766026 copper
0.267955 -0.004641 1.000000 copper
-0.939460 0.123363 0.001667 cool
-0.929903 0.139730 0.002176 cool
-0.918742 0.158051 0.002840 cool
-0.905693 0.178486 0.003708 cool
-0.890426 0.201184 0.004840 cool
-0.872556 0.226270 0.006319 cool
-0.851642 0.253827 0.008249 cool
-0.827184 0.283884 0.010768 cool
-0.798626 0.316382 0.014057 cool
-0.765367 0.351153 0.018351 cool
-0.726780 0.387886 0.023956 cool
-0.682237 0.426099 0.031273 cool
-0.631166 0.465106 0.040825 cool
-0.573100 0.504007 0.053294 cool
-0.507760 0.541691 0.069572 cool
-0.435133 0.576863 0.090822 cool
-0.355550 0.608116 0.118563 cool
-0.269741 0.634029 0.154777 cool
-0.178855 0.653299 0.202052 cool
-0.084422 0.664881 0.263766 cool
0.011736 0.668115 0.344330 cool
0.107653 0.662812 0.449501 cool
0.201381 0.649280 0.586796 cool
0.291158 0.628283 0.766026 cool
0.375541 0.600943 1.000000 cool
-0.950888 0.129234 0.001667 cool
-0.942736 0.146616 0.002176 cool
-0.933110 0.166140 0.002840 cool
-0.921721 0.188001 0.003708 cool
-0.908227 0.212387 0.004840 cool
-0.892224 0.239467 0.006319 cool
-0.873236 0.269372 0.008249 cool
-0.850712 0.302176 0.010768 cool
-0.824025 0.337868 0.014057 cool
-0.792478 0.376316 0.018351 cool
-0.755323 0.417228 0.023956 cool
-0.711785 0.460111 0.031273 cool
-0.661123 0.504230 0.040825 cool
-0.602693 0.548582 0.053294 cool
-0.536049 0.591883 0.069572 cool
-0.461044 0.632603 0.090822 cool
-0.377941 0.669034 0.118563 cool
-0.287500 0.699420 0.154777 cool
-0.191012 0.722123 0.202052 cool
-0.090269 0.735812 0.263766 cool
0.012554 0.739639 0.344330 cool
0.115085 0.733363 0.449501 cool
0.214979 0.717380 0.586796 cool
0.310142 0.692669 0.766026 cool
0.398894 0.660652 1.000000 cool
-0.962950 0.134101 0.001667 cool
-0.956327 0.152398 0.002176 cool
-0.948382 0.173024 0.002840 cool
-0.938829 0.196214 0.003708 cool
-0.927318 0.222201 0.004840 cool
-0.913426 0.251204 0.006319 cool
-0.896647 0.283416 0.008249 cool
-0.876380 0.318972 0.010768 cool
-0.851925 0.357923 0.014057 cool
-0.822479 0.400195 0.018351 cool
-0.787156 0.445537 0.023956 cool
-0.745011 0.493467 0.031273 cool
-0.695095 0.543217 0.040825 cool
-0.636540 0.593681 0.053294 cool
-0.568674 0.643394 0.069572 cool
-0.491160 0.690549 0.090822 cool
-0.404150 0.733075 0.118563 cool
-0.308408 0.768791 0.154777 cool
-0.205388 0.795624 0.202052 cool
-0.097202 0.811864 0.263766 cool
0.013523 0.816414 0.344330 cool
0.123891 0.808956 0.449501 cool
0.231045 0.790008 0.586796 cool
0.332463 0.760836 0.766026 cool
0.426186 0.723262 1.000000 cool
-0.975570 0.137886 0.001667 cool
-0.970595 0.156981 0.002176 cool
-0.964480 0.178588 0.002840 cool
-0.956941 0.202985 0.003708 cool
-0.947629 0.230457 0.004840 cool
-0.936110 0.261285 0.006319 cool
-0.921850 0.295731 0.008249 cool
-0.904202 0.334010 0.010768 cool
-0.882390 0.376256 0.014057 cool
-0.855505 0.422478 0.018351 cool
-0.822505 0.472494 0.023956 cool
-0.782247 0.525864 0.031273 cool
-0.733532 0.581812 0.040825 cool
-0.675208 0.639145 0.053294 cool
-0.606303 0.696206 0.069572 cool
-0.526213 0.750873 0.090822 cool
-0.434903 0.800633 0.118563 cool
-0.333111 0.842765 0.154777 cool
-0.222462 0.874625 0.202052 cool
-0.105461 0.893994 0.263766 cool
0.014679 0.899433 0.344330 cool
0.134377 0.890521 0.449501 cool
0.250104 0.867942 0.586796 cool
0.358796 0.833354 0.766026 cool
0.458150 0.789112 1.000000 cool
-0.988659 0.140513 0.001667 cool
-0.985448 0.160269 0.002176 cool
-0.981306 0.182713 0.002840 cool
-0.975962 0.208170 0.003708 cool
-0.969072 0.236981 0.004840 cool
-0.960198 0.269499 0.006319 cool
-0.948790 0.306066 0.008249 cool
-0.934160 0.346995 0.010768 cool
-0.915462 0.392528 0.014057 cool
-0.891674 0.442787 0.018351 cool
-0.861592 0.497699 0.023956 cool
-0.823843 0.556906 0.031273 cool
-0.776933 0.619662 0.040825 cool
-0.719352 0.684717 0.053294 cool
-0.649735 0.750226 0.069572 cool
-0.567097 0.813711 0.090822 cool
-0.471119 0.872126 0.118563 cool
-0.362439 0.922061 0.154777 cool
-0.242856 0.960114 0.202052 cool
-0.115363 0.983373 0.263766 cool
0.016067 0.989921 0.344330 cool
0.146941 0.979195 0.449501 cool
0.272842 0.952111 0.586796 cool
0.390001 0.910868 0.766026 cool
0.495707 0.858547 1.000000 cool
-0.988659 -0.140513 0.001667 autumn
-0.985448 -0.160269 0.002176 autumn
-0.981306 -0.182713 0.002840 autumn
-0.975962 -0.208170 0.003708 autumn
-0.969072 -0.236981 0.004840 autumn
-0.960198 -0.269499 0.006319 autumn
-0.948790 -0.306066 0.008249 autumn
-0.934160 -0.346995 0.010768 autumn
-0.915462 -0.392528 0.014057 autumn
-0.891674 -0.442787 0.018351 autumn
-0.861592 -0.497699 0.023956 autumn
-0.823843 -0.556906 0.031273 autumn
-0.776933 -0.619662 0.040825 autumn
-0.719352 -0.684717 0.053294 autumn
-0.649735 -0.750226 0.069572 autumn
-0.567097 -0.813711 0.090822 autumn
-0.471119 -0.872126 0.118563 autumn
-0.362439 -0.922061 0.154777 autumn
-0.242856 -0.960114 0.202052 autumn
-0.115363 -0.983373 0.263766 autumn
0.016067 -0.989921 0.344330 autumn
0.146941 -0.979195 0.449501 autumn
0.272842 -0.952111 0.586796 autumn
0.390001 -0.910868 0.766026 autumn
0.495707 -0.858547 1.000000 autumn
-0.975570 -0.137886 0.001667 autumn
-0.970595 -0.156981 0.002176 autumn
-0.964480 -0.178588 0.002840 autumn
-0.956941 -0.202985 0.003708 autumn
-0.947629 -0.230457 0.004840 autumn
-0.936110 -0.261285 0.006319 autumn
-0.921850 -0.295731 0.008249 autumn
-0.904202 -0.334010 0.010768 autumn
-0.882390 -0.376256 0.014057 autumn
-0.855505 -0.422478 0.018351 autumn
-0.822505 -0.472494 0.023956 autumn
-0.782247 -0.525864 0.031273 autumn
-0.733532 -0.581812 0.040825 autumn
-0.675208 -0.639145 0.053294 autumn
-0.606303 -0.696206 0.069572 autumn
-0.526213 -0.750873 0.090822 autumn
-0.434903 -0.800633 0.118563 autumn
-0.333111 -0.842765 0.154777 autumn
-0.222462 -0.874625 0.202052 autumn
-0.105461 -0.893994 0.263766 autumn
0.014679 -0.899433 0.344330 autumn
0.134377 -0.890521 0.449501 autumn
0.250104 -0.867942 0.586796 autumn
0.358796 -0.833354 0.766026 autumn
0.458150 -0.789112 1.000000 autumn
-0.962950 -0.134101 0.001667 autumn
-0.956327 -0.152398 0.002176 autumn
-0.948382 -0.173024 0.002840 autumn
-0.938829 -0.196214 0.003708 autumn
-0.927318 -0.222201 0.004840 autumn
-0.913426 -0.251204 0.006319 autumn
-0.896647 -0.283416 0.008249 autumn
-0.876380 -0.318972 0.010768 autumn
-0.851925 -0.357923 0.014057 autumn
-0.822479 -0.400195 0.018351 autumn
-0.787156 -0.445537 0.023956 autumn
-0.745011 -0.493467 0.031273 autumn
-0.695095 -0.543217 0.040825 autumn
-0.636540 -0.593681 0.053294 autumn
-0.568674 -0.643394 0.069572 autumn
-0.491160 -0.690549 0.090822 autumn
-0.404150 -0.733075 0.118563 autumn
-0.308408 -0.768791 0.154777 autumn
-0.205388 -0.795624 0.202052 autumn
-0.097202 -0.811864 0.263766 autumn
0.013523 -0.816414 0.344330 autumn
0.123891 -0.808956 0.449501 autumn
0.231045 -0.790008 0.586796 autumn
0.332463 -0.760836 0.766026 autumn
0.426186 -0.723262 1.000000 autumn
-0.950888 -0.129234 0.001667 autumn
-0.942736 -0.146616 0.002176 autumn
-0.933110 -0.166140 0.002840 autumn
-0.921721 -0.188001 0.003708 autumn
-0.908227 -0.212387 0.004840 autumn
-0.892224 -0.239467 0.006319 autumn
-0.873236 -0.269372 0.008249 autumn
-0.850712 -0.302176 0.010768 autumn
-0.824025 -0.337868 0.014057 autumn
-0.792478 -0.376316 0.018351 autumn
-0.755323 -0.417228 0.023956 autumn
-0.711785 -0.460111 0.031273 autumn
-0.661123 -0.504230 0.040825 autumn
-0.602693 -0.548582 0.053294 autumn
-0.536049 -0.591883 0.069572 autumn
-0.461044 -0.632603 0.090822 autumn
-0.377941 -0.669034 0.118563 autumn
-0.287500 -0.699420 0.154777 autumn
-0.191012 -0.722123 0.202052 autumn
-0.090269 -0.735812 0.263766 autumn
0.012554 -0.739639 0.344330 autumn
0.115085 -0.733363 0.449501 autumn
0.214979 -0.717380 0.586796 autumn
0.310142 -0.692669 0.766026 autumn
0.398894 -0.660652 1.000000 autumn
-0.939460 -0.123363 0.001667 autumn
-0.929903 -0.139730 0.002176 autumn
-0.918742 -0.158051 0.002840 autumn
-0.905693 -0.178486 0.003708 autumn
-0.890426 -0.201184 0.004840 autumn
-0.872556 -0.226270 0.006319 autumn
-0.851642 -0.253827 0.008249 autumn
-0.827184 -0.283884 0.010768 autumn
-0.798626 -0.316382 0.014057 autumn
-0.765367 -0.351153 0.018351 autumn
-0.726780 -0.387886 0.023956 autumn
-0.682237 -0.426099 0.031273 autumn
-0.631166 -0.465106 0.040825 autumn
-0.573100 -0.504007 0.053294 autumn
-0.507760 -0.541691 0.069572 autumn
-0.435133 -0.576863 0.090822 autumn
-0.355550 -0.608116 0.118563 autumn
-0.269741 -0.634029 0.154777 autumn
-0.178855 -0.653299 0.202052 autumn
-0.084422 -0.664881 0.263766 autumn
0.011736 -0.668115 0.344330 autumn
0.107653 -0.662812 0.449501 autumn
0.201381 -0.649280 0.586796 autumn
0.291158 -0.628283 0.766026 autumn
0.375541 -0.600943 1.000000 autumn
