-0.000707 0.070707 0.001667 winter
-0.000808 0.080787 0.002176 winter
-0.000923 0.092304 0.002840 winter
-0.001055 0.105462 0.003708 winter
-0.001205 0.120497 0.004840 winter
-0.001377 0.137675 0.006319 winter
-0.001573 0.157301 0.008249 winter
-0.001797 0.179726 0.010768 winter
-0.002054 0.205347 0.014057 winter
-0.002346 0.234621 0.018351 winter
-0.002681 0.268068 0.023956 winter
-0.003063 0.306283 0.031273 winter
-0.003500 0.349946 0.040825 winter
-0.003998 0.399834 0.053294 winter
-0.004568 0.456833 0.069572 winter
-0.005220 0.521958 0.090822 winter
-0.005964 0.596367 0.118563 winter
-0.006814 0.681384 0.154777 winter
-0.007785 0.778520 0.202052 winter
-0.008895 0.889505 0.263766 winter
-0.010163 1.016310 0.344330 winter
-0.011612 1.161193 0.449501 winter
-0.013268 1.326730 0.586796 winter
-0.015159 1.515866 0.766026 winter
-0.017320 1.731964 1.000000 winter
-0.008197 0.070234 0.001667 winter
-0.009366 0.080246 0.002176 winter
-0.010701 0.091686 0.002840 winter
-0.012227 0.104757 0.003708 winter
-0.013970 0.119690 0.004840 winter
-0.015961 0.136753 0.006319 winter
-0.018237 0.156248 0.008249 winter
-0.020837 0.178523 0.010768 winter
-0.023807 0.203973 0.014057 winter
-0.027201 0.233051 0.018351 winter
-0.031079 0.266274 0.023956 winter
-0.035509 0.304233 0.031273 winter
-0.040571 0.347604 0.040825 winter
-0.046355 0.397158 0.053294 winter
-0.052963 0.453775 0.069572 winter
-0.060513 0.518465 0.090822 winter
-0.069140 0.592376 0.118563 winter
-0.078996 0.676823 0.154777 winter
-0.090258 0.773310 0.202052 winter
-0.103125 0.883551 0.263766 winter
-0.117826 1.009508 0.344330 winter
-0.134623 1.153421 0.449501 winter
-0.153815 1.317851 0.586796 winter
-0.175742 1.505720 0.766026 winter
-0.200796 1.720372 1.000000 winter
-0.015595 0.068969 0.001667 winter
-0.017819 0.078802 0.002176 winter
-0.020359 0.090035 0.002840 winter
-0.023261 0.102871 0.003708 winter
-0.026577 0.117536 0.004840 winter
-0.030366 0.134291 0.006319 winter
-0.034695 0.153435 0.008249 winter
-0.039641 0.175309 0.010768 winter
-0.045292 0.200300 0.014057 winter
-0.051749 0.228855 0.018351 winter
-0.059126 0.261480 0.023956 winter
-0.067555 0.298756 0.031273 winter
-0.077185 0.341346 0.040825 winter
-0.088189 0.390007 0.053294 winter
-0.100761 0.445606 0.069572 winter
-0.115125 0.509130 0.090822 winter
-0.131537 0.581711 0.118563 winter
-0.150289 0.664638 0.154777 winter
-0.171714 0.759387 0.202052 winter
-0.196193 0.867644 0.263766 winter
-0.224161 0.991333 0.344330 winter
-0.256117 1.132655 0.449501 winter
-0.292629 1.294124 0.586796 winter
-0.334345 1.478612 0.766026 winter
-0.382009 1.689399 1.000000 winter
-0.022818 0.066928 0.001667 winter
-0.026071 0.076469 0.002176 winter
-0.029787 0.087370 0.002840 winter
-0.034034 0.099826 0.003708 winter
-0.038885 0.114057 0.004840 winter
-0.044429 0.130316 0.006319 winter
-0.050762 0.148894 0.008249 winter
-0.057999 0.170120 0.010768 winter
-0.066267 0.194372 0.014057 winter
-0.075714 0.222081 0.018351 winter
-0.086508 0.253740 0.023956 winter
-0.098840 0.289913 0.031273 winter
-0.112930 0.331242 0.040825 winter
-0.129029 0.378463 0.053294 winter
-0.147424 0.432416 0.069572 winter
-0.168440 0.494060 0.090822 winter
-0.192452 0.564492 0.118563 winter
-0.219888 0.644965 0.154777 winter
-0.251235 0.736910 0.202052 winter
-0.287050 0.841962 0.263766 winter
-0.327971 0.961990 0.344330 winter
-0.374726 1.099129 0.449501 winter
-0.428146 1.255818 0.586796 winter
-0.489182 1.434845 0.766026 winter
-0.558918 1.639393 1.000000 winter
-0.029783 0.064132 0.001667 winter
-0.034029 0.073275 0.002176 winter
-0.038880 0.083721 0.002840 winter
-0.044422 0.095656 0.003708 winter
-0.050755 0.109293 0.004840 winter
-0.057991 0.124873 0.006319 winter
-0.066258 0.142675 0.008249 winter
-0.075703 0.163014 0.010768 winter
-0.086496 0.186253 0.014057 winter
-0.098826 0.212805 0.018351 winter
-0.112915 0.243142 0.023956 winter
-0.129011 0.277803 0.031273 winter
-0.147403 0.317406 0.040825 winter
-0.168416 0.362655 0.053294 winter
-0.192425 0.414355 0.069572 winter
-0.219857 0.473424 0.090822 winter
-0.251199 0.540914 0.118563 winter
-0.287010 0.618026 0.154777 winter
-0.327925 0.706130 0.202052 winter
-0.374674 0.806794 0.263766 winter
-0.428086 0.921809 0.344330 winter
-0.489113 1.053220 0.449501 winter
-0.558840 1.203365 0.586796 winter
-0.638507 1.374914 0.766026 winter
-0.729531 1.570918 1.000000 winter
-0.036413 0.060614 0.001667 winter
-0.041604 0.069256 0.002176 winter
-0.047535 0.079128 0.002840 winter
-0.054311 0.090409 0.003708 winter
-0.062053 0.103297 0.004840 winter
-0.070900 0.118023 0.006319 winter
-0.081007 0.134848 0.008249 winter
-0.092555 0.154072 0.010768 winter
-0.105749 0.176036 0.014057 winter
-0.120825 0.201131 0.018351 winter
-0.138049 0.229804 0.023956 winter
-0.157729 0.262565 0.031273 winter
-0.180215 0.299995 0.040825 winter
-0.205906 0.342762 0.053294 winter
-0.235259 0.391625 0.069572 winter
-0.268797 0.447454 0.090822 winter
-0.307117 0.511242 0.118563 winter
-0.350898 0.584124 0.154777 winter
-0.400922 0.667395 0.202052 winter
-0.458076 0.762538 0.263766 winter
-0.523379 0.871243 0.344330 winter
-0.597990 0.995446 0.449501 winter
-0.683238 1.137354 0.586796 winter
-0.780639 1.299493 0.766026 winter
-0.891925 1.484745 1.000000 winter
-0.042632 0.056414 0.001667 winter
-0.048710 0.064456 0.002176 winter
-0.055654 0.073644 0.002840 winter
-0.063588 0.084143 0.003708 winter
-0.072652 0.096138 0.004840 winter
-0.083010 0.109844 0.006319 winter
-0.094843 0.125503 0.008249 winter
-0.108364 0.143394 0.010768 winter
-0.123812 0.163836 0.014057 winter
-0.141462 0.187192 0.018351 winter
-0.161629 0.213878 0.023956 winter
-0.184670 0.244368 0.031273 winter
-0.210997 0.279204 0.040825 winter
-0.241076 0.319007 0.053294 winter
-0.275443 0.364484 0.069572 winter
-0.314710 0.416444 0.090822 winter
-0.359574 0.475811 0.118563 winter
-0.410834 0.543641 0.154777 winter
-0.469401 0.621142 0.202052 winter
-0.536318 0.709690 0.263766 winter
-0.612775 0.810862 0.344330 winter
-0.700130 0.926457 0.449501 winter
-0.799939 1.058530 0.586796 winter
-0.913977 1.209432 0.766026 winter
-1.044271 1.381846 1.000000 winter
-0.048371 0.051577 0.001667 winter
-0.055267 0.058930 0.002176 winter
-0.063146 0.067331 0.002840 winter
-0.072148 0.076929 0.003708 winter
-0.082433 0.087896 0.004840 winter
-0.094184 0.100427 0.006319 winter
-0.107611 0.114743 0.008249 winter
-0.122952 0.131101 0.010768 winter
-0.140480 0.149790 0.014057 winter
-0.160506 0.171144 0.018351 winter
-0.183388 0.195542 0.023956 winter
-0.209531 0.223418 0.031273 winter
-0.239401 0.255268 0.040825 winter
-0.273530 0.291658 0.053294 winter
-0.312524 0.333236 0.069572 winter
-0.357076 0.380741 0.090822 winter
-0.407980 0.435019 0.118563 winter
-0.466141 0.497034 0.154777 winter
-0.532593 0.567890 0.202052 winter
-0.608518 0.648848 0.263766 winter
-0.695267 0.741346 0.344330 winter
-0.794383 0.847030 0.449501 winter
-0.907628 0.967781 0.586796 winter
-1.037018 1.105746 0.766026 winter
-1.184852 1.263378 1.000000 winter
-0.053566 0.046160 0.001667 winter
-0.061202 0.052740 0.002176 winter
-0.069927 0.060259 0.002840 winter
-0.079895 0.068849 0.003708 winter
-0.091285 0.078664 0.004840 winter
-0.104298 0.089878 0.006319 winter
-0.119167 0.102691 0.008249 winter
-0.136155 0.117330 0.010768 winter
-0.155565 0.134057 0.014057 winter
-0.177742 0.153167 0.018351 winter
-0.203080 0.175003 0.023956 winter
-0.232031 0.199951 0.031273 winter
-0.265109 0.228455 0.040825 winter
-0.302902 0.261023 0.053294 winter
-0.346083 0.298234 0.069572 winter
-0.395420 0.340750 0.090822 winter
-0.451790 0.389326 0.118563 winter
-0.516196 0.444828 0.154777 winter
-0.589784 0.508241 0.202052 winter
-0.673862 0.580695 0.263766 winter
-0.769927 0.663478 0.344330 winter
-0.879686 0.758061 0.449501 winter
-1.005092 0.866129 0.586796 winter
-1.148375 0.989602 0.766026 winter
-1.312085 1.130678 1.000000 winter
-0.058156 0.040222 0.001667 winter
-0.066447 0.045956 0.002176 winter
-0.075920 0.052508 0.002840 winter
-0.086743 0.059993 0.003708 winter
-0.099108 0.068545 0.004840 winter
-0.113237 0.078317 0.006319 winter
-0.129380 0.089482 0.008249 winter
-0.147824 0.102238 0.010768 winter
-0.168897 0.116813 0.014057 winter
-0.192975 0.133466 0.018351 winter
-0.220485 0.152492 0.023956 winter
-0.251917 0.174231 0.031273 winter
-0.287830 0.199069 0.040825 winter
-0.328862 0.227448 0.053294 winter
-0.375744 0.259872 0.069572 winter
-0.429309 0.296919 0.090822 winter
-0.490510 0.339247 0.118563 winter
-0.560437 0.387610 0.154777 winter
-0.640331 0.442867 0.202052 winter
-0.731615 0.506001 0.263766 winter
-0.835913 0.578135 0.344330 winter
-0.955078 0.660552 0.449501 winter
-1.091232 0.754719 0.586796 winter
-1.246796 0.862310 0.766026 winter
-1.424536 0.985239 1.000000 winter
-0.062092 0.033832 0.001667 winter
-0.070944 0.038655 0.002176 winter
-0.081057 0.044165 0.002840 winter
-0.092613 0.050461 0.003708 winter
-0.105815 0.057655 0.004840 winter
-0.120900 0.065874 0.006319 winter
-0.138135 0.075265 0.008249 winter
-0.157828 0.085994 0.010768 winter
-0.180327 0.098253 0.014057 winter
-0.206034 0.112260 0.018351 winter
-0.235406 0.128264 0.023956 winter
-0.268965 0.146549 0.031273 winter
-0.307308 0.167440 0.040825 winter
-0.351117 0.191310 0.053294 winter
-0.401172 0.218583 0.069572 winter
-0.458362 0.249744 0.090822 winter
-0.523705 0.285347 0.118563 winter
-0.598363 0.326025 0.154777 winter
-0.683664 0.372502 0.202052 winter
-0.781126 0.425606 0.263766 winter
-0.892481 0.486279 0.344330 winter
-1.019711 0.555602 0.449501 winter
-1.165079 0.634807 0.586796 winter
-1.331170 0.725304 0.766026 winter
-1.520939 0.828701 1.000000 winter
-0.065328 0.027060 0.001667 winter
-0.074641 0.030917 0.002176 winter
-0.085282 0.035325 0.002840 winter
-0.097439 0.040361 0.003708 winter
-0.111330 0.046114 0.004840 winter
-0.127201 0.052688 0.006319 winter
-0.145335 0.060200 0.008249 winter
-0.166053 0.068782 0.010768 winter
-0.189725 0.078587 0.014057 winter
-0.216772 0.089790 0.018351 winter
-0.247675 0.102590 0.023956 winter
-0.282983 0.117215 0.031273 winter
-0.323324 0.133925 0.040825 winter
-0.369417 0.153017 0.053294 winter
-0.422080 0.174831 0.069572 winter
-0.482250 0.199755 0.090822 winter
-0.550999 0.228231 0.118563 winter
-0.629548 0.260767 0.154777 winter
-0.719295 0.297942 0.202052 winter
-0.821836 0.340416 0.263766 winter
-0.938995 0.388945 0.344330 winter
-1.072856 0.444392 0.449501 winter
-1.225800 0.507743 0.586796 winter
-1.400547 0.580126 0.766026 winter
-1.600206 0.662827 1.000000 winter
0.065328 0.027060 0.001667 copper
0.074641 0.030917 0.002176 copper
0.085282 0.035325 0.002840 copper
0.097439 0.040361 0.003708 copper
0.111330 0.046114 0.004840 copper
0.127201 0.052688 0.006319 copper
0.145335 0.060200 0.008249 copper
0.166053 0.068782 0.010768 copper
0.189725 0.078587 0.014057 copper
0.216772 0.089790 0.018351 copper
0.247675 0.102590 0.023956 copper
0.282983 0.117215 0.031273 copper
0.323324 0.133925 0.040825 copper
0.369417 0.153017 0.053294 copper
0.422080 0.174831 0.069572 copper
0.482250 0.199755 0.090822 copper
0.550999 0.228231 0.118563 copper
0.629548 0.260767 0.154777 copper
0.719295 0.297942 0.202052 copper
0.821836 0.340416 0.263766 copper
0.938995 0.388945 0.344330 copper
1.072856 0.444392 0.449501 copper
1.225800 0.507743 0.586796 copper
1.400547 0.580126 0.766026 copper
1.600206 0.662827 1.000000 copper
0.062092 0.033832 0.001667 copper
0.070944 0.038655 0.002176 copper
0.081057 0.044165 0.002840 copper
0.092613 0.050461 0.003708 copper
0.105815 0.057655 0.004840 copper
0.120900 0.065874 0.006319 copper
0.138135 0.075265 0.008249 copper
0.157828 0.085994 0.010768 copper
0.180327 0.098253 0.014057 copper
0.206034 0.112260 0.018351 copper
0.235406 0.128264 0.023956 copper
0.268965 0.146549 0.031273 copper
0.307308 0.167440 0.040825 copper
0.351117 0.191310 0.053294 copper
0.401172 0.218583 0.069572 copper
0.458362 0.249744 0.090822 copper
0.523705 0.285347 0.118563 copper
0.598363 0.326025 0.154777 copper
0.683664 0.372502 0.202052 copper
0.781126 0.425606 0.263766 copper
0.892481 0.486279 0.344330 copper
1.019711 0.555602 0.449501 copper
1.165079 0.634807 0.586796 copper
1.331170 0.725304 0.766026 copper
1.520939 0.828701 1.000000 copper
0.058156 0.040222 0.001667 copper
0.066447 0.045956 0.002176 copper
0.075920 0.052508 0.002840 copper
0.086743 0.059993 0.003708 copper
0.099108 0.068545 0.004840 copper
0.113237 0.078317 0.006319 copper
0.129380 0.089482 0.008249 copper
0.147824 0.102238 0.010768 copper
0.168897 0.116813 0.014057 copper
0.192975 0.133466 0.018351 copper
0.220485 0.152492 0.023956 copper
0.251917 0.174231 0.031273 copper
0.287830 0.199069 0.040825 copper
0.328862 0.227448 0.053294 copper
0.375744 0.259872 0.069572 copper
0.429309 0.296919 0.090822 copper
0.490510 0.339247 0.118563 copper
0.560437 0.387610 0.154777 copper
0.640331 0.442867 0.202052 copper
0.731615 0.506001 0.263766 copper
0.835913 0.578135 0.344330 copper
0.955078 0.660552 0.449501 copper
1.091232 0.754719 0.586796 copper
1.246796 0.862310 0.766026 copper
1.424536 0.985239 1.000000 copper
0.053566 0.046160 0.001667 copper
0.061202 0.052740 0.002176 copper
0.069927 0.060259 0.002840 copper
0.079895 0.068849 0.003708 copper
0.091285 0.078664 0.004840 copper
0.104298 0.089878 0.006319 copper
0.119167 0.102691 0.008249 copper
0.136155 0.117330 0.010768 copper
0.155565 0.134057 0.014057 copper
0.177742 0.153167 0.018351 copper
0.203080 0.175003 0.023956 copper
0.232031 0.199951 0.031273 copper
0.265109 0.228455 0.040825 copper
0.302902 0.261023 0.053294 copper
0.346083 0.298234 0.069572 copper
0.395420 0.340750 0.090822 copper
0.451790 0.389326 0.118563 copper
0.516196 0.444828 0.154777 copper
0.589784 0.508241 0.202052 copper
0.673862 0.580695 0.263766 copper
0.769927 0.663478 0.344330 copper
0.879686 0.758061 0.449501 copper
1.005092 0.866129 0.586796 copper
1.148375 0.989602 0.766026 copper
1.312085 1.130678 1.000000 copper
0.048371 0.051577 0.001667 copper
0.055267 0.058930 0.002176 copper
0.063146 0.067331 0.002840 copper
0.072148 0.076929 0.003708 copper
0.082433 0.087896 0.004840 copper
0.094184 0.100427 0.006319 copper
0.107611 0.114743 0.008249 copper
0.122952 0.131101 0.010768 copper
0.140480 0.149790 0.014057 copper
0.160506 0.171144 0.018351 copper
0.183388 0.195542 0.023956 copper
0.209531 0.223418 0.031273 copper
0.239401 0.255268 0.040825 copper
0.273530 0.291658 0.053294 copper
0.312524 0.333236 0.069572 copper
0.357076 0.380741 0.090822 copper
0.407980 0.435019 0.118563 copper
0.466141 0.497034 0.154777 copper
0.532593 0.567890 0.202052 copper
0.608518 0.648848 0.263766 copper
0.695267 0.741346 0.344330 copper
0.794383 0.847030 0.449501 copper
0.907628 0.967781 0.586796 copper
1.037018 1.105746 0.766026 copper
1.184852 1.263378 1.000000 copper
0.042632 0.056414 0.001667 copper
0.048710 0.064456 0.002176 copper
0.055654 0.073644 0.002840 copper
0.063588 0.084143 0.003708 copper
0.072652 0.096138 0.004840 copper
0.083010 0.109844 0.006319 copper
0.094843 0.125503 0.008249 copper
0.108364 0.143394 0.010768 copper
0.123812 0.163836 0.014057 copper
0.141462 0.187192 0.018351 copper
0.161629 0.213878 0.023956 copper
0.184670 0.244368 0.031273 copper
0.210997 0.279204 0.040825 copper
0.241076 0.319007 0.053294 copper
0.275443 0.364484 0.069572 copper
0.314710 0.416444 0.090822 copper
0.359574 0.475811 0.118563 copper
0.410834 0.543641 0.154777 copper
0.469401 0.621142 0.202052 copper
0.536318 0.709690 0.263766 copper
0.612775 0.810862 0.344330 copper
0.700130 0.926457 0.449501 copper
0.799939 1.058530 0.586796 copper
0.913977 1.209432 0.766026 copper
1.044271 1.381846 1.000000 copper
0.036413 0.060614 0.001667 copper
0.041604 0.069256 0.002176 copper
0.047535 0.079128 0.002840 copper
0.054311 0.090409 0.003708 copper
0.062053 0.103297 0.004840 copper
0.070900 0.118023 0.006319 copper
0.081007 0.134848 0.008249 copper
0.092555 0.154072 0.010768 copper
0.105749 0.176036 0.014057 copper
0.120825 0.201131 0.018351 copper
0.138049 0.229804 0.023956 copper
0.157729 0.262565 0.031273 copper
0.180215 0.299995 0.040825 copper
0.205906 0.342762 0.053294 copper
0.235259 0.391625 0.069572 copper
0.268797 0.447454 0.090822 copper
0.307117 0.511242 0.118563 copper
0.350898 0.584124 0.154777 copper
0.400922 0.667395 0.202052 copper
0.458076 0.762538 0.263766 copper
0.523379 0.871243 0.344330 copper
0.597990 0.995446 0.449501 copper
0.683238 1.137354 0.586796 copper
0.780639 1.299493 0.766026 copper
0.891925 1.484745 1.000000 copper
0.029783 0.064132 0.001667 copper
0.034029 0.073275 0.002176 copper
0.038880 0.083721 0.002840 copper
0.044422 0.095656 0.003708 copper
0.050755 0.109293 0.004840 copper
0.057991 0.124873 0.006319 copper
0.066258 0.142675 0.008249 copper
0.075703 0.163014 0.010768 copper
0.086496 0.186253 0.014057 copper
0.098826 0.212805 0.018351 copper
0.112915 0.243142 0.023956 copper
0.129011 0.277803 0.031273 copper
0.147403 0.317406 0.040825 copper
0.168416 0.362655 0.053294 copper
0.192425 0.414355 0.069572 copper
0.219857 0.473424 0.090822 copper
0.251199 0.540914 0.118563 copper
0.287010 0.618026 0.154777 copper
0.327925 0.706130 0.202052 copper
0.374674 0.806794 0.263766 copper
0.428086 0.921809 0.344330 copper
0.489113 1.053220 0.449501 copper
0.558840 1.203365 0.586796 copper
0.638507 1.374914 0.766026 copper
0.729531 1.570918 1.000000 copper
0.022818 0.066928 0.001667 copper
0.026071 0.076469 0.002176 copper
0.029787 0.087370 0.002840 copper
0.034034 0.099826 0.003708 copper
0.038885 0.114057 0.004840 copper
0.044429 0.130316 0.006319 copper
0.050762 0.148894 0.008249 copper
0.057999 0.170120 0.010768 copper
0.066267 0.194372 0.014057 copper
0.075714 0.222081 0.018351 copper
0.086508 0.253740 0.023956 copper
0.098840 0.289913 0.031273 copper
0.112930 0.331242 0.040825 copper
0.129029 0.378463 0.053294 copper
0.147424 0.432416 0.069572 copper
0.168440 0.494060 0.090822 copper
0.192452 0.564492 0.118563 copper
0.219888 0.644965 0.154777 copper
0.251235 0.736910 0.202052 copper
0.287050 0.841962 0.263766 copper
0.327971 0.961990 0.344330 copper
0.374726 1.099129 0.449501 copper
0.428146 1.255818 0.586796 copper
0.489182 1.434845 0.766026 copper
0.558918 1.639393 1.000000 copper
0.015595 0.068969 0.001667 copper
0.017819 0.078802 0.002176 copper
0.020359 0.090035 0.002840 copper
0.023261 0.102871 0.003708 copper
0.026577 0.117536 0.004840 copper
0.030366 0.134291 0.006319 copper
0.034695 0.153435 0.008249 copper
0.039641 0.175309 0.010768 copper
0.045292 0.200300 0.014057 copper
0.051749 0.228855 0.018351 copper
0.059126 0.261480 0.023956 copper
0.067555 0.298756 0.031273 copper
0.077185 0.341346 0.040825 copper
0.088189 0.390007 0.053294 copper
0.100761 0.445606 0.069572 copper
0.115125 0.509130 0.090822 copper
0.131537 0.581711 0.118563 copper
0.150289 0.664638 0.154777 copper
0.171714 0.759387 0.202052 copper
0.196193 0.867644 0.263766 copper
0.224161 0.991333 0.344330 copper
0.256117 1.132655 0.449501 copper
0.292629 1.294124 0.586796 copper
0.334345 1.478612 0.766026 copper
0.382009 1.689399 1.000000 copper
0.008197 0.070234 0.001667 copper
0.009366 0.080246 0.002176 copper
0.010701 0.091686 0.002840 copper
0.012227 0.104757 0.003708 copper
0.013970 0.119690 0.004840 copper
0.015961 0.136753 0.006319 copper
0.018237 0.156248 0.008249 copper
0.020837 0.178523 0.010768 copper
0.023807 0.203973 0.014057 copper
0.027201 0.233051 0.018351 copper
0.031079 0.266274 0.023956 copper
0.035509 0.304233 0.031273 copper
0.040571 0.347604 0.040825 copper
0.046355 0.397158 0.053294 copper
0.052963 0.453775 0.069572 copper
0.060513 0.518465 0.090822 copper
0.069140 0.592376 0.118563 copper
0.078996 0.676823 0.154777 copper
0.090258 0.773310 0.202052 copper
0.103125 0.883551 0.263766 copper
0.117826 1.009508 0.344330 copper
0.134623 1.153421 0.449501 copper
0.153815 1.317851 0.586796 copper
0.175742 1.505720 0.766026 copper
0.200796 1.720372 1.000000 copper
0.000707 0.070707 0.001667 copper
0.000808 0.080787 0.002176 copper
0.000923 0.092304 0.002840 copper
0.001055 0.105462 0.003708 copper
0.001205 0.120497 0.004840 copper
0.001377 0.137675 0.006319 copper
0.001573 0.157301 0.008249 copper
0.001797 0.179726 0.010768 copper
0.002054 0.205347 0.014057 copper
0.002346 0.234621 0.018351 copper
0.002681 0.268068 0.023956 copper
0.003063 0.306283 0.031273 copper
0.003500 0.349946 0.040825 copper
0.003998 0.399834 0.053294 copper
0.004568 0.456833 0.069572 copper
0.005220 0.521958 0.090822 copper
0.005964 0.596367 0.118563 copper
0.006814 0.681384 0.154777 copper
0.007785 0.778520 0.202052 copper
0.008895 0.889505 0.263766 copper
0.010163 1.016310 0.344330 copper
0.011612 1.161193 0.449501 copper
0.013268 1.326730 0.586796 copper
0.015159 1.515866 0.766026 copper
0.017320 1.731964 1.000000 copper
-0.065328 0.027060 0.001667 cool
-0.074641 0.030917 0.002176 cool
-0.085282 0.035325 0.002840 cool
-0.097439 0.040361 0.003708 cool
-0.111330 0.046114 0.004840 cool
-0.127201 0.052688 0.006319 cool
-0.145335 0.060200 0.008249 cool
-0.166053 0.068782 0.010768 cool
-0.189725 0.078587 0.014057 cool
-0.216772 0.089790 0.018351 cool
-0.247675 0.102590 0.023956 cool
-0.282983 0.117215 0.031273 cool
-0.323324 0.133925 0.040825 cool
-0.369417 0.153017 0.053294 cool
-0.422080 0.174831 0.069572 cool
-0.482250 0.199755 0.090822 cool
-0.550999 0.228231 0.118563 cool
-0.629548 0.260767 0.154777 cool
-0.719295 0.297942 0.202052 cool
-0.821836 0.340416 0.263766 cool
-0.938995 0.388945 0.344330 cool
-1.072856 0.444392 0.449501 cool
-1.225800 0.507743 0.586796 cool
-1.400547 0.580126 0.766026 cool
-1.600206 0.662827 1.000000 cool
-0.067614 0.020695 0.001667 cool
-0.077253 0.023646 0.002176 cool
-0.088266 0.027016 0.002840 cool
-0.100849 0.030868 0.003708 cool
-0.115226 0.035268 0.004840 cool
-0.131653 0.040296 0.006319 cool
-0.150421 0.046041 0.008249 cool
-0.171864 0.052604 0.010768 cool
-0.196365 0.060103 0.014057 cool
-0.224358 0.068671 0.018351 cool
-0.256342 0.078461 0.023956 cool
-0.292886 0.089646 0.031273 cool
-0.334639 0.102426 0.040825 cool
-0.382345 0.117028 0.053294 cool
-0.436851 0.133711 0.069572 cool
-0.499127 0.152772 0.090822 cool
-0.570282 0.174551 0.118563 cool
-0.651580 0.199435 0.154777 cool
-0.744468 0.227866 0.202052 cool
-0.850597 0.260350 0.263766 cool
-0.971856 0.297465 0.344330 cool
-1.110402 0.339870 0.449501 cool
-1.268698 0.388322 0.586796 cool
-1.449561 0.443680 0.766026 cool
-1.656207 0.506930 1.000000 cool
-0.069282 0.014142 0.001667 cool
-0.079159 0.016158 0.002176 cool
-0.090444 0.018461 0.002840 cool
-0.103337 0.021093 0.003708 cool
-0.118068 0.024100 0.004840 cool
-0.134900 0.027535 0.006319 cool
-0.154131 0.031461 0.008249 cool
-0.176104 0.035945 0.010768 cool
-0.201209 0.041070 0.014057 cool
-0.229892 0.046925 0.018351 cool
-0.262665 0.053614 0.023956 cool
-0.300110 0.061257 0.031273 cool
-0.342893 0.069990 0.040825 cool
-0.391776 0.079967 0.053294 cool
-0.447626 0.091367 0.069572 cool
-0.511439 0.104393 0.090822 cool
-0.584348 0.119274 0.118563 cool
-0.667652 0.136278 0.154777 cool
-0.762831 0.155705 0.202052 cool
-0.871578 0.177902 0.263766 cool
-0.995828 0.203264 0.344330 cool
-1.137791 0.232241 0.449501 cool
-1.299992 0.265348 0.586796 cool
-1.485316 0.303176 0.766026 cool
-1.697059 0.346396 1.000000 cool
-0.070316 0.007458 0.001667 cool
-0.080340 0.008522 0.002176 cool
-0.091793 0.009737 0.002840 cool
-0.104879 0.011125 0.003708 cool
-0.119831 0.012710 0.004840 cool
-0.136914 0.014522 0.006319 cool
-0.156432 0.016593 0.008249 cool
-0.178732 0.018958 0.010768 cool
-0.204212 0.021661 0.014057 cool
-0.233324 0.024749 0.018351 cool
-0.266586 0.028277 0.023956 cool
-0.304590 0.032308 0.031273 cool
-0.348011 0.036914 0.040825 cool
-0.397623 0.042176 0.053294 cool
-0.454307 0.048188 0.069572 cool
-0.519072 0.055058 0.090822 cool
-0.593070 0.062907 0.118563 cool
-0.677617 0.071875 0.154777 cool
-0.774216 0.082121 0.202052 cool
-0.884587 0.093828 0.263766 cool
-1.010691 0.107204 0.344330 cool
-1.154773 0.122487 0.449501 cool
-1.319395 0.139948 0.586796 cool
-1.507485 0.159899 0.766026 cool
-1.722389 0.182694 1.000000 cool
-0.070707 0.000707 0.001667 cool
-0.080787 0.000808 0.002176 cool
-0.092304 0.000923 0.002840 cool
-0.105462 0.001055 0.003708 cool
-0.120497 0.001205 0.004840 cool
-0.137675 0.001377 0.006319 cool
-0.157301 0.001573 0.008249 cool
-0.179726 0.001797 0.010768 cool
-0.205347 0.002054 0.014057 cool
-0.234621 0.002346 0.018351 cool
-0.268068 0.002681 0.023956 cool
-0.306283 0.003063 0.031273 cool
-0.349946 0.003500 0.040825 cool
-0.399834 0.003998 0.053294 cool
-0.456833 0.004568 0.069572 cool
-0.521958 0.005220 0.090822 cool
-0.596367 0.005964 0.118563 cool
-0.681384 0.006814 0.154777 cool
-0.778520 0.007785 0.202052 cool
-0.889505 0.008895 0.263766 cool
-1.016310 0.010163 0.344330 cool
-1.161193 0.011612 0.449501 cool
-1.326730 0.013268 0.586796 cool
-1.515866 0.015159 0.766026 cool
-1.731964 0.017320 1.000000 cool
0.070707 0.000707 0.001667 autumn
0.080787 0.000808 0.002176 autumn
0.092304 0.000923 0.002840 autumn
0.105462 0.001055 0.003708 autumn
0.120497 0.001205 0.004840 autumn
0.137675 0.001377 0.006319 autumn
0.157301 0.001573 0.008249 autumn
0.179726 0.001797 0.010768 autumn
0.205347 0.002054 0.014057 autumn
0.234621 0.002346 0.018351 autumn
0.268068 0.002681 0.023956 autumn
0.306283 0.003063 0.031273 autumn
0.349946 0.003500 0.040825 autumn
0.399834 0.003998 0.053294 autumn
0.456833 0.004568 0.069572 autumn
0.521958 0.005220 0.090822 autumn
0.596367 0.005964 0.118563 autumn
0.681384 0.006814 0.154777 autumn
0.778520 0.007785 0.202052 autumn
0.889505 0.008895 0.263766 autumn
1.016310 0.010163 0.344330 autumn
1.161193 0.011612 0.449501 autumn
1.326730 0.013268 0.586796 autumn
1.515866 0.015159 0.766026 autumn
1.731964 0.017320 1.000000 autumn
0.070316 0.007458 0.001667 autumn
0.080340 0.008522 0.002176 autumn
0.091793 0.009737 0.002840 autumn
0.104879 0.011125 0.003708 autumn
0.119831 0.012710 0.004840 autumn
0.136914 0.014522 0.006319 autumn
0.156432 0.016593 0.008249 autumn
0.178732 0.018958 0.010768 autumn
0.204212 0.021661 0.014057 autumn
0.233324 0.024749 0.018351 autumn
0.266586 0.028277 0.023956 autumn
0.304590 0.032308 0.031273 autumn
0.348011 0.036914 0.040825 autumn
0.397623 0.042176 0.053294 autumn
0.454307 0.048188 0.069572 autumn
0.519072 0.055058 0.090822 autumn
0.593070 0.062907 0.118563 autumn
0.677617 0.071875 0.154777 autumn
0.774216 0.082121 0.202052 autumn
0.884587 0.093828 0.263766 autumn
1.010691 0.107204 0.344330 autumn
1.154773 0.122487 0.449501 autumn
1.319395 0.139948 0.586796 autumn
1.507485 0.159899 0.766026 autumn
1.722389 0.182694 1.000000 autumn
0.069282 0.014142 0.001667 autumn
0.079159 0.016158 0.002176 autumn
0.090444 0.018461 0.002840 autumn
0.103337 0.021093 0.003708 autumn
0.118068 0.024100 0.004840 autumn
0.134900 0.027535 0.006319 autumn
0.154131 0.031461 0.008249 autumn
0.176104 0.035945 0.010768 autumn
0.201209 0.041070 0.014057 autumn
0.229892 0.046925 0.018351 autumn
0.262665 0.053614 0.023956 autumn
0.300110 0.061257 0.031273 autumn
0.342893 0.069990 0.040825 autumn
0.391776 0.079967 0.053294 autumn
0.447626 0.091367 0.069572 autumn
0.511439 0.104393 0.090822 autumn
0.584348 0.119274 0.118563 autumn
0.667652 0.136278 0.154777 autumn
0.762831 0.155705 0.202052 autumn
0.871578 0.177902 0.263766 autumn
0.995828 0.203264 0.344330 autumn
1.137791 0.232241 0.449501 autumn
1.299992 0.265348 0.586796 autumn
1.485316 0.303176 0.766026 autumn
1.697059 0.346396 1.000000 autumn
0.067614 0.020695 0.001667 autumn
0.077253 0.023646 0.002176 autumn
0.088266 0.027016 0.002840 autumn
0.100849 0.030868 0.003708 autumn
0.115226 0.035268 0.004840 autumn
0.131653 0.040296 0.006319 autumn
0.150421 0.046041 0.008249 autumn
0.171864 0.052604 0.010768 autumn
0.196365 0.060103 0.014057 autumn
0.224358 0.068671 0.018351 autumn
0.256342 0.078461 0.023956 autumn
0.292886 0.089646 0.031273 autumn
0.334639 0.102426 0.040825 autumn
0.382345 0.117028 0.053294 autumn
0.436851 0.133711 0.069572 autumn
0.499127 0.152772 0.090822 autumn
0.570282 0.174551 0.118563 autumn
0.651580 0.199435 0.154777 autumn
0.744468 0.227866 0.202052 autumn
0.850597 0.260350 0.263766 autumn
0.971856 0.297465 0.344330 autumn
1.110402 0.339870 0.449501 autumn
1.268698 0.388322 0.586796 autumn
1.449561 0.443680 0.766026 autumn
1.656207 0.506930 1.000000 autumn
0.065328 0.027060 0.001667 autumn
0.074641 0.030917 0.002176 autumn
0.085282 0.035325 0.002840 autumn
0.097439 0.040361 0.003708 autumn
0.111330 0.046114 0.004840 autumn
0.127201 0.052688 0.006319 autumn
0.145335 0.060200 0.008249 autumn
0.166053 0.068782 0.010768 autumn
0.189725 0.078587 0.014057 autumn
0.216772 0.089790 0.018351 autumn
0.247675 0.102590 0.023956 autumn
0.282983 0.117215 0.031273 autumn
0.323324 0.133925 0.040825 autumn
0.369417 0.153017 0.053294 autumn
0.422080 0.174831 0.069572 autumn
0.482250 0.199755 0.090822 autumn
0.550999 0.228231 0.118563 autumn
0.629548 0.260767 0.154777 autumn
0.719295 0.297942 0.202052 autumn
0.821836 0.340416 0.263766 autumn
0.938995 0.388945 0.344330 autumn
1.072856 0.444392 0.449501 autumn
1.225800 0.507743 0.586796 autumn
1.400547 0.580126 0.766026 autumn
1.600206 0.662827 1.000000 autumn
